1101,1102,1216,1227,1301,1303,1314,1319,1326,1402,1434,1476,1477,1504,1536,1590,1605,1704,1717,1722,1723,1789,1802,1909,2002,2015,2049,2059,2103,2105,2106,2201,2204,2207,2227,2231,2301,2303,2308,2311,2313,2317,2324,2325,2327,2330,2337,2344,2345,2347,2352,2353,2354,2356,2357,2360,2371,2376,2377,2379,2382,2383,2385,2395,2408,2409,2412,2439,2448,2449,2451,2454,2474,2492,2498,2542,2603,2606,2610,2615,2618,2633,2723,2801,2809,2812,2823,2834,2845,2867,2880,2881,2882,2883,2884,2885,2886,2887,2888,2890,2891,2892,2912,2915,3008,3019,3034,3044,3045,3189,3231,3406,3443,3481,3532,3673,3682,3702,3706,4904,4915,4938,4943,4958,5264,5522,5871,5880,6116,6176,6239,6269,6285,6409,6414,6415,6452,6456,6505,8454,8464,9904,9910,9914,9917,9921,9933,9938,9941,9945
41.5948412698413,41.4,71.9863636363636,51.1692307692308,108.5,77.7029411764706,11.8503926701571,45.2574,109.0,32.0,35.8617647058824,432.583333333333,214.5,22.65,115.0,409.966666666667,17.9,,25.15,44.85,135.0,26.45,12.25,16.6486111111111,25.15,60.4,288.755952380952,333.5,29.0,41.388,30.5,19.9,28.05,419.384615384615,259.0,284.0,44.4560606060606,12.1496462264151,159.927272727273,,27.8806201550388,88.7990024937656,19.75,,335.78102189781,266.608092026973,24.098810437452,16.9363463005339,129.592592592593,38.3,19.6988636363636,21.907003257329,69.7387755102041,24.7058823529412,238.0,152.510989010989,25.084,51.7,87.519801980198,203.797297297297,60.5,110.868838028169,76.5955555555556,245.083333333333,64.0778280542986,11.3000781860829,109.993333333333,172.961538461538,29.4807457212714,29.0313782991202,69.8,292.174242424242,253.569444444444,226.198170731707,43.2997064579256,48.9522727272727,13.1119369369369,31.45,9.77,16.109375,15.3483870967742,37.3726287262873,204.0,18.2,32.6,11.3,25.5407407407407,11.9006302521008,11.2,11.05,19.3497572815534,45.2,44.5308219178082,10.0,24.15,17.7990740740741,28.1488461538462,14.25,8.78883720930232,11.6,20.4,21.5439024390244,283.970588235294,76.4,4625.0,91.2583333333333,199.707317073171,101.071428571429,112.0,52.6927272727273,25.5016,472.433121019108,242.158291457286,10.1019132653061,120.087301587302,59.0536585365854,8.37567688378033,40.4,31.35,74.3,67.6,60.0853658536585,143.761904761905,114.0,57.2412621359223,37.4533333333333,131.5,20.0481196581197,8.31680650235973,104.471698113208,75.5935897435897,102.496015936255,81.6089947089947,612.0,285.214285714286,506.0,227.952380952381,129.875338753387,114.0,274.5,244.0,37.5759615384615,234.5,171.192307692308,86.9,219.954545454545,47.25,78.1042553191489,115.5,42.7315217391304
41.5402255639098,41.4,71.86,51.0,108.5,77.7428571428572,11.8608333333333,45.5122549019608,109.0,32.0,35.8617647058824,431.0,214.25,22.7,115.0,409.0,17.8978571428571,,25.15,44.85,135.0,26.45,12.25,16.65,25.15,60.4,289.459459459459,334.25,28.9833333333333,41.35,30.5,19.95,28.1,418.5,259.0,284.0,44.575,12.15,160.0,,27.8935517970402,88.6704697986577,19.745652173913,,335.45,266.863839285714,24.239348630644,16.8728840125392,129.916666666667,38.3,19.6822580645161,21.9582142857143,69.8176470588235,24.83,237.5,153.160377358491,25.1796052631579,51.741935483871,87.85,204.513888888889,60.5,110.453271028037,76.7279069767442,245.083333333333,63.9777777777778,11.3,109.964285714286,172.909090909091,29.3163768115942,28.8963730569948,70.0,293.0,254.0,225.77094972067,43.2281954887218,48.95,13.2167207792208,31.4125,9.7675,16.109375,15.3348837209302,37.7480122324159,203.5,18.2,32.65,11.3,25.45,11.9,11.2,11.05,19.3035714285714,45.2,44.4522058823529,10.0,24.15,17.75,28.135,14.265,8.77833333333333,11.6,20.4391304347826,21.4753649635036,283.5,76.2,4607.5,90.98,200.086206896552,101.3125,112.0,52.6210526315789,25.5363636363636,475.654205607477,242.484210526316,10.1260869565217,120.916666666667,59.0533333333333,8.41443496801706,40.4,31.3016129032258,74.3,67.6,59.8531914893617,143.954545454545,114.30985915493,57.4307692307692,37.475,132.178571428571,20.019387755102,8.3940814479638,104.375,75.5933333333333,102.715517241379,81.9720430107527,612.0,284.583333333333,506.0,226.5,129.5,114.0,274.5,243.5,37.595,234.0,171.192307692308,86.9,219.954545454545,47.25,78.3833333333333,116.0,42.55
41.5289285714286,41.4,71.928125,51.0,108.5,77.7,11.8071428571429,45.38125,109.0,31.95,35.8617647058824,431.0,215.333333333333,22.7,115.0,408.5,17.8979166666667,,25.15,44.85,135.0,26.45,12.25,16.7,25.1454545454545,60.4,289.0,334.25,28.995,41.3583333333333,30.55,19.9661764705882,28.1,416.5,259.0,284.0,44.4666666666667,12.15,159.552380952381,,27.9874712643678,88.153984063745,19.7224137931034,,335.36,266.431740614334,24.2594364640884,16.8501828153565,129.5,38.3,19.675,21.95,69.7647058823529,24.8,237.5,152.131578947368,25.1277777777778,51.795,87.7235294117647,204.573529411765,60.4529411764706,110.456852791878,76.9619047619048,245.083333333333,64.0,11.32875,109.875,173.25,29.2383280757098,28.8352071005917,70.0,292.558823529412,253.75,225.2265625,43.2710714285714,48.8806451612903,13.2565015479876,31.4516304347826,9.77,16.2,15.3486666666667,37.7338235294118,203.5,18.2,32.65,11.3,25.5434782608696,11.9253807106599,11.2,11.05,19.3091666666667,45.1923728813559,44.4875,10.0009950248756,24.1487012987013,17.75,28.1,14.3,8.78129310344828,11.65,20.45,21.5,283.75,76.2,4605.0,91.0909090909091,199.211111111111,101.5,111.5,52.5352941176471,25.5,474.4875,242.204819277108,10.1021008403361,121.0,58.9595744680851,8.4497975708502,40.4,31.3,74.3,67.6,59.6772727272727,144.0,114.370967741935,57.3639175257732,37.475,132.3,20.0,8.35255043227666,104.5,75.5090909090909,102.404761904762,81.8276595744681,612.0,284.5,504.0,227.346153846154,130.059302325581,114.0,274.5,243.0,37.5952380952381,234.0,171.192307692308,86.9,219.954545454545,47.25,78.3923076923077,116.0,42.55
41.5287234042553,41.4,71.9461538461538,51.0666666666667,109.0,77.6,11.8,45.2680327868853,109.0,31.95,35.8617647058824,431.0,214.75,22.7,115.0,408.5,17.9093596059113,,25.15,44.9,135.5,26.45,12.3,16.7,25.1,60.4,288.972222222222,334.333333333333,29.0,41.35,30.6,20.0,28.1454545454545,416.5,259.0,284.0,44.4833333333333,12.1125,159.5,,28.0814364640884,87.9420913884007,19.7449579831933,,335.190476190476,266.445454545455,24.1870482758621,16.85,129.0,38.3,19.7,21.8735576923077,69.7,24.7392857142857,237.333333333333,152.0,25.0990196078431,51.76,87.6386363636364,204.27380952381,60.47,110.363636363636,76.8777777777778,245.083333333333,64.0028571428571,11.3042372881356,109.785714285714,173.5,29.1907232704402,28.9247191011236,70.0,293.252192982456,253.254901960784,225.5,43.28125,48.8,13.2985933503836,31.6357142857143,9.77,16.2333333333333,15.3032258064516,37.5897959183674,203.5,18.2,32.6875,11.3,25.546875,11.9433333333333,11.2,11.1,19.3441176470588,45.1733333333333,44.4555555555556,10.0005136986301,24.1565789473684,17.8,28.1,14.3,8.78914512922465,11.65,20.4166666666667,21.4666666666667,283.75,76.2,4605.0,91.2652173913043,199.0,101.46875,111.5,52.328947368421,25.490625,473.125,242.822368421053,10.1163043478261,121.0,59.032967032967,8.41103825136612,40.4,31.3,74.3,67.6,59.4544776119403,144.0,115.0,57.5967741935484,37.5,132.3,20.0,8.31991789819376,104.433333333333,75.2785714285714,101.972222222222,81.8666666666667,612.0,284.5,504.0,228.086956521739,130.986918604651,114.0,274.5,243.0,37.553125,235.0,171.192307692308,86.9,219.954545454545,47.25,78.1466666666667,116.0,42.55
41.5070175438596,41.3,71.9833333333333,51.0909090909091,108.5,77.675,11.8313953488372,45.2227272727273,109.0,32.0,35.8617647058824,431.0,214.75,22.7,115.0,408.5,17.94,,25.15,44.9,135.5,26.45,12.2555555555556,16.7,25.1083333333333,60.4,288.833333333333,334.333333333333,29.0,41.30625,30.55,19.9794117647059,28.1033333333333,416.25,259.0,284.0,44.4833333333333,12.102380952381,159.727272727273,,27.9910326086957,87.8681481481482,19.7466666666667,,335.033333333333,266.471830985916,24.0827387387387,16.8503378378378,129.0,38.3021739130435,19.700974025974,21.8525862068966,69.6136363636364,24.7166666666667,236.0,152.375,25.1035714285714,51.76,87.715625,204.880136986301,60.5,109.889380530973,76.7833333333333,245.083333333333,63.9390625,11.3017985611511,109.857142857143,173.0,29.0586848635236,28.9366071428571,70.0,292.995515695067,252.864864864865,225.555555555556,43.2203703703704,48.7855263157895,13.30375,31.7,9.77076923076923,16.2,15.3,37.6028985507246,203.0,18.2,32.65,11.3,25.55,11.9383333333333,11.2,11.1,19.3227272727273,45.205,44.4703703703704,10.0016224188791,24.1934782608696,17.8,28.1027272727273,14.3,8.77413793103448,11.65,20.4257425742574,21.4666666666667,283.75,76.2,4595.0,91.4369565217391,198.75,101.46875,111.5,52.2411764705882,25.4522857142857,470.628571428571,243.558823529412,10.1076923076923,121.708333333333,59.290243902439,8.36344537815126,40.4,31.3,74.2,67.6,58.9947735191638,144.0,115.243243243243,57.920253164557,37.5,132.166666666667,20.0461538461538,8.31080924855491,104.5,75.1793103448276,101.847826086957,82.1088235294118,612.0,284.5,504.0,228.5625,131.071078431373,114.0,274.5,243.0,37.55,234.6875,171.95,86.9,220.0,47.1,77.8964285714286,116.0,42.55
41.5030612244898,41.35,71.975,51.1,108.5,77.7,11.8491525423729,45.2727564102564,109.0,32.0,35.8617647058824,431.0,214.5,22.7,114.5,407.3125,17.9272727272727,,25.15,44.85,135.5,26.45,12.3,16.65,25.1,60.5,289.682926829268,335.0,28.95,41.3,30.55,19.95,28.1,416.25,259.0,284.75,44.5166666666667,12.15,160.0,,27.9463636363636,87.8879501385042,19.7267441860465,,334.482142857143,266.5,24.1752889060092,16.8325174825175,129.0,38.3021739130435,19.75,21.85,69.3840909090909,24.7166666666667,236.416666666667,152.5,25.1,51.76,87.6647058823529,206.274436090226,60.5,109.233333333333,76.6,245.083333333333,64.0,11.3145161290323,110.0,173.5,29.0258403361344,28.9350877192982,70.0,293.0,252.9375,225.446428571429,43.1269230769231,48.775,13.3311205846529,31.6928571428571,9.78,16.1916666666667,15.3,37.5932291666667,203.0,18.2,32.65,11.3,25.55,11.9269230769231,11.2,11.1,19.3216666666667,45.25,44.4647727272727,10.0,24.1931818181818,17.8,28.1,14.29,8.7736036036036,11.6,20.4450276243094,21.4642857142857,283.5,76.2,4595.0,91.4225806451613,198.5,101.0,112.0,52.0450704225352,25.4193548387097,471.859375,243.790625,10.1,122.0875,59.4341040462428,8.33524886877828,40.4,31.3333333333333,74.2,67.6,59.198224852071,143.892857142857,115.5,57.8344262295082,37.5,132.25,20.0357142857143,8.33067961165049,104.5,75.1933333333333,102.0,82.0083969465649,612.0,284.5,502.0,227.794117647059,131.836898395722,113.833333333333,274.5,244.5,37.55,234.6875,172.0,86.9,220.0,47.1,77.904,116.0,42.55
41.5269230769231,41.35,72.0272727272727,51.0904761904762,108.5,77.66,11.8911764705882,45.2091666666667,109.0,32.0,35.8617647058824,431.0,214.0,22.7439393939394,114.5,405.916666666667,17.95,,25.2,44.9,135.5,26.45,12.3,16.7,25.1,60.5,290.5,332.5,29.0,41.2571428571429,30.55,19.9452380952381,28.1,416.25,259.0,285.0,44.55,12.15,160.0,,27.941015625,87.8134686346863,19.7496515679442,,335.014285714286,266.19696969697,24.3419929865576,16.84,129.0,38.35,19.75,21.8330508474576,69.2279411764706,24.725,236.416666666667,152.5,25.0757142857143,51.76,87.2619047619048,205.462962962963,60.4,109.513513513514,76.5058823529412,245.083333333333,63.9925925925926,11.3032407407407,109.928571428571,173.5,29.0970486111111,28.8797368421053,69.9333333333333,293.0,252.541666666667,226.189189189189,43.0738738738739,48.75,13.349203187251,31.6928571428571,9.77,16.1916666666667,15.3,37.5742424242424,203.0,18.2016129032258,32.65,11.3,25.5775862068966,11.9,11.2,11.1,19.3083333333333,45.2494252873563,44.495,9.99939393939394,24.2,17.8,28.1357142857143,14.275,8.7772,11.6,20.5,21.4948051948052,283.5,76.2,4590.0,91.51875,198.772727272727,101.0,112.0,51.9383928571429,25.4,472.333333333333,243.827731092437,10.10125,122.5,59.6920634920635,8.32292957746479,40.4,31.375,74.2,67.6,59.4021052631579,144.0,115.4375,57.6515151515151,37.45,132.0,20.0283333333333,8.29514739229025,104.5,75.3090909090909,102.0,81.7743243243243,612.0,284.0,502.0,226.888888888889,131.926020408163,113.833333333333,274.5,245.0,37.5428571428571,234.6875,172.0,86.9,220.0,47.05,77.9,116.0,42.6333333333333
41.5361111111111,41.35,71.98,51.0,108.5,77.6888888888889,11.85,45.125,109.011764705882,31.95,35.8617647058824,431.0,213.409090909091,22.7,114.5,405.5,18.0013870541612,,25.2,44.9,135.5,26.3,12.3,16.65,25.1005263157895,60.5,290.316666666667,332.5,29.0,41.25,30.55,19.9166666666667,28.05,416.25,259.0,285.0,44.55,12.1390625,160.0,,27.9578431372549,87.7918200408998,19.7398580121704,,336.080924855491,266.225806451613,24.3965036563071,16.85,129.5,38.3166666666667,19.7,21.8276315789474,69.412,24.75,236.416666666667,152.5,25.0183673469388,51.71,87.4416666666667,205.172413793103,60.4,109.5,76.65,245.0,64.0022727272727,11.3424242424242,109.863636363636,173.5,29.0073170731707,28.7221774193548,70.0,293.0,253.0,227.164855072464,43.0058479532164,48.8,13.4127304964539,31.7,9.77,16.1916666666667,15.3,37.5925,203.0,18.2,32.65,11.3,25.55,11.9,11.15,11.1,19.3,45.25,44.4928571428571,9.99948,24.1674157303371,17.8,28.1035714285714,14.3,8.77113636363636,11.6,20.4555555555556,21.4756756756757,283.25,76.3,4585.0,91.5666666666667,199.016129032258,101.0,112.0,52.0324324324324,25.3987341772152,472.166666666667,243.188679245283,10.1,122.0,59.6041237113402,8.30975609756098,40.4,31.5,74.2,67.4216216216216,59.2745762711865,144.0,114.850746268657,57.5142857142857,37.45,132.0,20.0133333333333,8.28513888888889,104.5,75.3,101.822404371585,81.8421052631579,612.0,283.9,502.0,227.0,131.240687679083,113.833333333333,274.5,245.0,37.53,234.6875,171.944444444444,86.9,220.0,47.05,77.6962962962963,116.0,42.65
41.518023255814,41.35,71.975,51.0,108.5,77.7285714285714,11.8376923076923,45.016875,109.011764705882,32.025,35.8617647058824,431.0,212.916666666667,22.75,114.666666666667,406.0,17.9995169082126,,25.15,44.9,135.5,26.3,12.3,16.65,25.1142857142857,60.5,290.233333333333,332.5,29.0,41.3,30.55,19.9,28.05,415.5,259.0,285.5,44.55,12.1,160.684615384615,,27.9437116564417,87.8577023498695,19.75,,336.804093567252,266.024590163934,24.4062895069532,16.85,129.536585365854,38.3166666666667,19.75,21.7753205128205,69.4111111111111,24.8,236.416666666667,152.425,24.8947368421053,51.7375,87.5636363636364,205.416666666667,60.3,109.5,76.6714285714286,245.0,64.0555555555556,11.3421052631579,110.0,173.878378378378,29.0104265402844,28.7068,70.0,292.9,253.0,226.802325581395,42.9352040816327,48.7954545454545,13.5,31.7534482758621,9.77,16.25,15.3,37.593023255814,203.0,18.25,32.65,11.3,25.55,11.9,11.15,11.1,19.3325,45.3,44.45,10.0045454545455,24.2,17.83125,28.1363636363636,14.3,8.77243243243243,11.6,20.4583333333333,21.458,283.0,76.3,4585.0,91.6,199.375,100.861111111111,112.0,52.0,25.3614457831325,473.0,242.038461538462,10.0727620087336,122.5,59.336,8.31516587677725,40.36,31.3714285714286,74.2,67.3875,59.1,144.0,114.5,57.6,37.45,132.0,20.0014792899408,8.27894472361809,104.5,75.3,101.641025641026,81.7279069767442,612.0,283.5,505.0,227.0,131.0,114.0,274.5,245.05,37.55,234.6875,171.944444444444,86.9,220.0,47.05,77.5260869565217,116.0,42.7
41.506050955414,41.3,71.9571428571429,51.0,108.5,77.7285714285714,11.8,44.9860465116279,109.011764705882,32.0,36.0,431.0,213.0,22.7,115.0,406.818181818182,17.9886666666667,,25.15,44.9375,135.5,26.3,12.3,16.65,25.1,60.7,291.401869158879,332.5,29.0,41.35,30.55,19.9,28.05,415.5,259.0,286.0,44.5375,12.1,160.75,,27.9518041237113,88.1217277486911,19.75,,335.772727272727,266.032110091743,24.41552124834,16.8552884615385,129.928571428571,38.3,19.7465277777778,21.7933333333333,69.375,24.75,236.416666666667,152.333333333333,24.95,51.8,87.52,205.375,60.3,109.623376623377,76.7,245.0,64.0,11.3,109.888888888889,174.25,29.07265625,28.6948148148148,70.0,292.5,253.0,226.431818181818,42.9897727272727,48.75,13.495931283906,31.7991228070175,9.77,16.25,15.2960526315789,37.5666666666667,203.0,18.2,32.65,11.3,25.5477272727273,11.9,11.15,11.1,19.3090909090909,45.3,44.45,10.0,24.2,17.85,28.1,14.2586206896552,8.77,11.6,20.5,21.45,283.0,76.3,4585.0,91.58,199.5,100.666666666667,112.0,51.9725490196078,25.35,474.027777777778,241.946808510638,10.0759036144578,122.384615384615,59.3317073170732,8.31911111111111,40.36,31.44,74.2,67.34,59.1961538461538,144.0,114.5,57.7894736842105,37.45,132.0,20.0,8.272,104.5,75.3636363636364,101.791666666667,81.6058823529412,612.0,283.5,505.0,227.5,130.900662251656,114.0,274.5,245.0,37.5011627906977,234.6875,171.944444444444,86.9,220.0,47.05,77.4931034482758,116.0,42.7
41.5029411764706,41.3,72.0,51.06,109.0,77.7285714285714,11.8458333333333,44.9838235294118,109.5,31.9508333333333,36.0,432.0,213.0,22.75,115.0,408.5,18.0,,25.15,44.965,135.5,26.3,12.3,16.65,25.1,60.7,292.934504792332,333.5,29.0,41.3545454545455,30.55,19.9,28.05,415.5,259.0,287.571428571429,44.525,12.100081300813,160.708333333333,,27.95,88.242,19.75,,336.034090909091,266.028846153846,24.4140788555478,16.9008982035928,129.666666666667,38.3,19.75,21.8,69.375,24.7357142857143,236.0,152.5,24.95,51.9,87.4333333333333,206.228813559322,60.3076923076923,109.521276595745,76.6263157894737,244.5,64.0026315789474,11.3164634146341,110.0,173.870967741935,29.10125,28.6908450704225,70.0,292.5,253.0,226.566666666667,43.0767123287671,48.7,13.5346,31.75,9.77,16.25,15.2609756097561,37.5983870967742,203.5,18.2,32.65,11.3,25.55,11.9,11.2,11.05,19.3225,45.3,44.455,10.0,24.1513157894737,17.85,28.1,14.3,8.77,11.6,20.4596153846154,21.45,283.0,76.3,4595.0,91.5888888888889,199.071428571429,100.875,112.0,51.7652173913043,25.3245989304813,475.857142857143,242.4,10.1,122.5,59.4,8.33076923076923,40.35,31.44,74.2,67.3,59.1898305084746,144.0,114.038961038961,57.6833333333333,37.45,132.0,20.0,8.2756652360515,104.5,75.3888888888889,101.777777777778,81.64,612.0,283.3,505.0,227.5,131.0,114.0,274.5,245.0,37.4642857142857,234.6875,171.944444444444,86.9,218.533333333333,47.05,77.6,116.0,42.72
41.5035519125683,41.3,72.0,51.05,108.75,77.725,11.85,44.9764705882353,109.0,31.9508333333333,36.0,432.0,213.0,22.75,115.0,409.4,17.9992481203008,,25.15,45.0,135.5,26.3,12.3,16.6583333333333,25.1125,60.7,293.545045045045,333.5,29.0,41.4,30.55,19.9,28.05,415.5,259.0,288.416666666667,44.55,12.0746268656716,160.58064516129,,27.9429319371728,88.2,19.75,,336.48,266.445229681979,24.3711676217765,16.9651785714286,130.23275862069,38.35,19.8,21.8076923076923,69.4,24.7,236.0,152.5,24.9785714285714,51.8166666666667,87.5,207.0,60.32,109.642857142857,76.7111111111111,245.1,64.154424778761,11.3402985074627,109.888888888889,174.090909090909,29.1465517241379,28.6792857142857,70.0,292.5,253.0,226.986842105263,43.0465517241379,48.7,13.4961977186312,31.7833333333333,9.77142857142857,16.25,15.2561403508772,37.6068965517241,203.5,18.2,32.65,11.3,25.55,11.9016129032258,11.17,11.1,19.3071428571429,45.303125,44.45,10.0,24.1563291139241,17.8,28.1294117647059,14.3,8.77071428571429,11.6,20.45,21.475,282.5,76.3,4595.0,91.6625,199.071428571429,100.75,112.0,51.4159420289855,25.2774834437086,479.225,242.90243902439,10.0957142857143,122.363636363636,59.5,8.34874074074074,40.3,31.45,74.2058823529412,67.4607142857143,59.1542857142857,143.5,113.603448275862,57.5178571428571,37.45,131.833333333333,20.0020833333333,8.27615969581749,104.5,75.2714285714286,101.9,81.7578947368421,612.0,283.928571428571,505.0,227.5,130.985436893204,114.444444444444,274.5,245.0,37.5,235.1,171.944444444444,86.9,217.5,47.05,77.6423076923077,116.0,42.75
41.5409090909091,41.3,71.98,51.1,108.75,77.8,11.85,44.9613095238095,109.0,31.95,36.0,432.0,213.0,22.7333333333333,114.5,410.0,18.0246822033898,,25.15,45.0,135.5,26.25,12.3,16.65,25.1125,60.7,295.049783549784,333.5,29.0,41.35,30.55,19.9,28.0,415.5,259.0,288.416666666667,44.55,12.0621951219512,160.5,,27.9271428571429,88.2264150943396,19.7760204081633,,336.5,266.409090909091,24.3488805970149,17.0670048309179,130.083333333333,38.35,19.7545454545455,21.8,69.3571428571429,24.7,236.0,152.5,25.0,51.85,87.5,206.318181818182,60.3375,110.294871794872,76.8,245.642857142857,64.1623529411765,11.34375,109.833333333333,174.111111111111,29.1165048543689,28.6791044776119,70.0,292.0,253.5,226.763157894737,43.05,48.7,13.4970588235294,31.8,9.77125,16.25,15.3,37.6340909090909,203.571428571429,18.2,32.65,11.3,25.5,11.95,11.2,11.1,19.3368421052632,45.3,44.45,10.0,24.1523809523809,17.8,28.1,14.3,8.77,11.6,20.4496301775148,21.496,283.0,76.3,4600.0,92.0,199.0,101.0,112.0,51.5974025974026,25.25,480.317518248175,243.0,10.1,122.25,59.5125,8.35308270676692,40.3,31.45,74.2071428571429,67.6,59.2181818181818,143.2,114.0,57.3926829268293,37.45,131.75,20.0125,8.28498181818182,105.0,75.2647058823529,102.0,81.8464285714286,612.0,284.0625,505.0,227.25,131.0,114.444444444444,274.5,245.0,37.55,236.3,172.0,86.9,217.5,47.05,77.52,116.0,42.75
41.5205882352941,41.3,71.98,51.1,109.0,77.7166666666667,11.85,44.8867346938776,109.0,31.95,36.0,432.0,213.0,22.7333333333333,114.5,410.0,18.0768452380952,,25.15,45.0,135.5,26.25,12.3,16.7,25.1090909090909,60.7,294.830357142857,333.5,29.0,41.35,30.55,19.95,28.0,415.5,259.0,288.75,44.55,12.1002941176471,160.32,,27.9541379310345,88.1910447761194,19.775,,336.342105263158,266.125,24.2998864496594,17.1495049504951,130.0,38.3,19.7545454545455,21.7921052631579,69.375,24.75,236.0,152.5,25.0,51.9,87.2865671641791,205.971153846154,60.3,110.5,76.81,246.0,64.1191176470588,11.324358974359,110.0,174.650943396226,29.1435714285714,28.6858490566038,69.9,292.125,253.590909090909,226.6875,43.0763157894737,48.7,13.4795871559633,31.75,9.76632653061225,16.25,15.3,37.6246031746032,203.571428571429,18.2,32.65,11.3,25.5,11.95,11.15,11.1,19.3433333333333,45.3431034482759,44.45,10.0,24.15,17.8,28.1090909090909,14.25,8.77,11.6048387096774,20.4076923076923,21.4833333333333,283.0,76.4,4597.5,92.0327868852459,199.0,101.0,112.0,51.9606557377049,25.2423566878981,479.465909090909,242.52380952381,10.0666666666667,122.5,59.5111111111111,8.34328947368421,40.3,31.4769230769231,74.2,67.6,59.3,142.946428571429,113.8,57.5137931034483,37.45,131.5,20.0214285714286,8.29377358490566,105.0,75.2647058823529,102.0,81.9953488372093,612.0,284.5,505.0,227.0,130.984848484848,114.5,274.5,245.0,37.5,237.5,172.0,86.9,217.5,47.05,77.5333333333333,116.0,42.75
41.5504,41.3,71.9571428571429,51.1,109.0,77.7,11.85,44.8681818181818,109.0,32.0,36.0,432.0,212.5,22.7,114.5,410.0,18.1319810682894,,25.175,45.0,135.5,26.25,12.2541044776119,16.7,25.1125,60.7,293.56,333.5,29.0,41.377027027027,30.55,19.95,28.0,415.5,259.0,288.5,44.55,12.1087719298246,160.0,,27.9881756756757,88.2242990654206,19.75,,336.279661016949,266.105263157895,24.3224110032363,17.1290441176471,129.979166666667,38.3,19.7958333333333,21.75,69.2782608695652,24.7,236.0,152.25,24.975,51.8,87.2666666666667,205.857142857143,60.2109090909091,110.052631578947,76.8391304347826,245.75,64.1785714285714,11.3134615384615,110.0,174.25,29.15,28.7305755395683,69.9,292.166666666667,253.590909090909,226.909090909091,43.045,48.7,13.5,31.75,9.75666666666667,16.275,15.3,37.6229166666667,203.571428571429,18.2375,32.65,11.3,25.5,11.95,11.2,11.1,19.3,45.3,44.45,10.0,24.15,17.8,28.1,14.2625,8.7678125,11.6,20.45,21.45,283.0,76.4,4597.5,91.5304347826087,199.5,100.916666666667,112.0,51.8627906976744,25.219313304721,479.777777777778,241.473958333333,10.0880952380952,122.0,59.4625,8.33441176470588,40.3,31.4769230769231,74.2,67.6,59.2018018018018,142.5,114.145833333333,57.7513888888889,37.45,131.5,20.012,8.28384615384615,105.5,75.4,101.551587301587,81.9923076923077,612.0,285.0,505.0,227.0,130.925373134328,114.5,274.5,244.666666666667,37.51,237.0,172.0,86.9,217.5,47.05,77.6,116.0,42.75
41.5904761904762,41.3,71.9625,51.0785714285714,109.0,77.7,11.85,44.8416666666667,109.0,31.95,36.0,431.5,213.0,22.7,114.5,410.0,18.1946341463415,,25.15,45.0,135.5,26.25,12.3,16.7045454545455,25.125,60.7,294.78476821192,333.5,28.99,41.3994047619048,30.6,20.0,27.9583333333333,415.5,259.0,288.0,44.55,12.0992907801418,160.0,,27.9642857142857,88.31,19.7772727272727,,334.977272727273,266.05,24.3449800796813,17.1212669683258,129.833333333333,38.3,19.7524096385542,21.7635135135135,69.3,24.75,237.0,152.0,24.95,51.8,87.0642857142857,205.5625,60.2325,110.0,76.7727272727273,245.5,64.1964285714286,11.3235294117647,109.791666666667,174.266666666667,29.1425,28.8069892473118,69.9,292.2,253.833333333333,226.516393442623,43.0,48.7,13.4926229508197,31.75,9.77076923076923,16.275,15.3,37.6680722891566,203.571428571429,18.2,32.65,11.3,25.5111111111111,11.95,11.2,11.1,19.3,45.3357142857143,44.4428571428571,10.0178571428571,24.15,17.8,28.1,14.25,8.76628571428571,11.6053191489362,20.45,21.48,283.0,76.4,4595.0,91.5066666666667,199.0,101.0,112.0,51.9,25.2,478.785714285714,240.975409836066,10.0689440993789,122.0,59.415,8.3436,40.35,31.4769230769231,74.2,67.6,59.1789473684211,142.666666666667,114.452380952381,57.6615384615385,37.45,131.5,20.021052631579,8.27046153846154,105.4125,75.3,101.189759036145,82.0425531914894,612.0,285.357142857143,505.0,226.977272727273,131.0,114.5,274.5,244.5,37.5138888888889,236.5,172.0,86.9,218.0,47.05,77.75,116.0,42.75
41.6059090909091,41.3166666666667,71.94,51.0785714285714,108.5,77.7083333333333,11.8525252525253,44.8380597014925,109.0,31.9722222222222,36.0,432.0,212.5,22.7,114.5,410.0,18.1735177865613,,25.15,45.0,135.5,26.25,12.25,16.725,25.15,60.7,295.24358974359,333.5,29.0,41.4,30.5666666666667,19.990625,27.95,415.5,259.5,288.0,44.55,12.0900662251656,160.035714285714,,27.954296875,88.3254335260116,19.7563559322034,,334.454545454545,266.038461538462,24.3297846889952,17.0961689587426,130.0,38.3,19.75,21.7892857142857,69.25,24.75,237.0,152.0,24.95,51.8,87.0157894736842,205.625,60.3,109.763736263736,76.7222222222222,245.5,64.1758241758242,11.312962962963,110.0,174.0,29.1416666666667,28.8111570247934,69.9,292.357142857143,254.0,225.795652173913,42.9788461538462,48.7,13.5,31.7,9.77076923076923,16.25,15.3,37.6309523809524,203.5,18.2,32.65,11.3,25.5,11.915,11.2,11.1,19.315873015873,45.3171052631579,44.45,10.0,24.1526315789474,17.8,28.1,14.2636363636364,8.780375,11.6454545454545,20.44375,21.45,283.5,76.4,4597.5,91.6,199.5,100.833333333333,112.0,51.8857142857143,25.205625,477.694444444445,240.516393442623,10.0794117647059,122.0,59.4,8.33045454545455,40.35,31.5,74.2,67.6,59.1714285714286,142.5,114.464285714286,57.6722222222222,37.4666666666667,131.5,20.0372549019608,8.25221276595745,105.528846153846,75.36,100.967592592593,82.1607843137255,612.0,285.083333333333,505.0,226.5,131.007462686567,114.5,274.5,244.0,37.54,236.5,171.75,86.9,218.0,47.05,77.9,116.0,42.75
41.6383720930233,41.3,72.0,51.0785714285714,108.5,77.7,11.85,44.7842105263158,109.0,31.9833333333333,36.0,432.0,212.75,22.7,114.5,409.214285714286,18.1496081504702,,25.2,45.0,135.5,26.25,12.25,16.7,25.1030303030303,60.7,295.408163265306,333.5,28.9928571428571,41.4428571428571,30.5666666666667,20.0,27.95,415.5,259.5,288.0,44.55,12.0696078431373,160.0,,27.9188524590164,88.3290076335878,19.7530303030303,,334.2,266.0,24.3478466386555,17.0507317073171,130.3125,38.3,19.75,21.8,69.2735294117647,24.75,237.0,152.0,24.95,51.9,87.0888888888889,205.5,60.3,109.69512195122,76.7,245.0,64.1589743589743,11.3318181818182,110.0,174.0,29.1764864864865,28.7471153846154,69.9,292.428571428571,254.0,225.783018867925,42.95,48.7,13.5123188405797,31.7454545454545,9.77857142857143,16.25,15.3467032967033,37.6473684210526,203.5,18.2,32.65,11.3125,25.5,11.95,11.2,11.1,19.3,45.325,44.45,10.0,24.15,17.8,28.1441176470588,14.25,8.78871428571428,11.6392156862745,20.45,21.45,284.0,76.4,4597.5,91.5033333333333,199.5,100.833333333333,112.0,51.85,25.2509661835749,476.342105263158,240.5,10.0930107526882,122.166666666667,59.3368421052631,8.33,40.35,31.4666666666667,74.2,67.55,59.227027027027,142.25,114.5,57.519298245614,37.4666666666667,131.5,20.0423076923077,8.23268382352941,105.763157894737,75.4,101.333333333333,82.1,612.0,285.0,505.0,227.0,130.995145631068,114.5,274.5,244.0,37.5214285714286,236.5,171.75,86.9,217.954545454545,47.05,77.9833333333333,116.0,42.75
41.65,41.3,72.0,51.1,108.5,77.6923076923077,11.85,44.797619047619,109.5,32.0,35.9,432.0,213.0,22.7125,114.5,408.083333333333,18.1195945945946,,25.2,45.0,135.5,26.25,12.25,16.7011904761905,25.1,60.7,294.972222222222,333.5,28.9928571428571,41.3425925925926,30.5666666666667,20.0,27.95,415.5,259.5,287.5,44.55,12.0801724137931,160.0,,27.9,88.3889830508475,19.76,,333.9,266.012048192771,24.35,17.0433333333333,130.0,38.3,19.75,21.75,69.3,24.75,236.423076923077,152.0,24.95,51.9,87.1666666666667,205.0,60.3,109.5,76.62,245.0,64.1,11.3287878787879,109.821428571429,173.875,29.1939393939394,28.7398550724638,69.9,292.222222222222,253.818181818182,225.923913043478,42.9792207792208,48.7,13.5,31.75,9.77,16.25,15.35,37.679,203.5,18.2,32.65,11.3,25.5,11.95,11.15,11.1,19.3,45.3010869565217,44.4142857142857,10.0,24.1515463917526,17.8,28.1076923076923,14.2645161290323,8.78584905660377,11.6066666666667,20.4055555555556,21.4607142857143,284.0,76.4,4600.0,91.4636363636364,199.25,101.0,112.0,51.8166666666667,25.3,477.214285714286,240.440476190476,10.1,122.04,59.3052631578947,8.3275,40.4,31.45,74.1,67.5,59.232,141.981132075472,114.5,57.4904761904762,37.4666666666667,131.5,20.0166666666667,8.24178947368421,105.555555555556,75.45,101.291666666667,82.1409090909091,612.0,285.0,505.0,227.0,130.982142857143,114.5,274.5,244.0,37.53,236.5,171.75,86.9,217.954545454545,47.05,78.1027027027027,116.0,42.75
41.64,41.3,71.9333333333333,51.07,108.5,77.6833333333333,11.8903225806452,44.8,109.5,32.0,35.9,432.0,213.0,22.7,115.0,406.5,18.1309210526316,,25.15,45.0033333333333,135.5,26.25,12.25,16.7083333333333,25.1,60.7,294.6125,333.5,29.0,41.3,30.55,20.0,27.95,415.5,259.5,287.5,44.575,12.051724137931,160.0,,27.857486631016,88.4095890410959,19.75,,334.166666666667,266.033898305085,24.3629840546697,17.0646892655367,130.0,38.3,19.75,21.784375,69.3058823529412,24.7,236.291666666667,152.0,24.95,51.9,87.2071428571429,205.0,60.3,109.533333333333,76.5076923076923,244.735294117647,64.1,11.3116279069767,109.888888888889,174.0,29.2455223880597,28.7460674157303,69.9,292.0,253.875,225.575757575758,43.0518518518518,48.7,13.4571428571429,31.75,9.78,16.2928571428571,15.35,37.69875,203.5,18.2,32.7,11.35,25.5,11.9383333333333,11.15,11.1,19.3238095238095,45.2964285714286,44.4416666666667,10.0,24.1666666666667,17.8,28.1,14.25,8.78,11.6,20.45,21.45,284.0,76.4,4600.0,91.4333333333333,199.0,100.833333333333,112.0,51.8030303030303,25.3,478.275862068966,240.520833333333,10.0647727272727,121.964285714286,59.3333333333333,8.33491525423729,40.4,31.45,74.1,67.5166666666667,59.2454545454545,142.058823529412,115.143631436314,57.5589743589744,37.45,131.5,20.05,8.278125,105.483870967742,75.4,101.5,82.1357142857143,612.0,285.0,505.0,227.0,130.770833333333,114.5,274.5,244.0,37.5,236.5,171.5,86.9,218.0,47.05,78.12,116.0,42.75
41.6173076923077,41.25,72.0,51.07,108.5,77.6,11.86,44.8,109.0,32.0,35.9,432.0,213.0,22.7,115.0,406.5,18.1322916666667,,25.15,45.0033333333333,135.5,26.3,12.25,16.7083333333333,25.1,60.7,294.25,333.0,29.0,41.3,30.55,20.0,27.95,415.5,259.5,287.0,44.6,12.0625,159.833333333333,,27.85,88.4139072847682,19.75,,334.5,266.057692307692,24.35,17.0507142857143,130.0,38.3,19.7625,21.8,69.3625,24.7,236.291666666667,152.0,24.9333333333333,51.8,87.2846153846154,204.965517241379,60.3,109.5,76.5333333333333,244.5,64.1,11.3314516129032,110.0,174.0,29.3272849462366,28.7742857142857,69.9,292.0,254.0,225.642857142857,43.1314814814815,48.7,13.4908256880734,31.75,9.78,16.2916666666667,15.3357142857143,37.7834558823529,203.5,18.2,32.7,11.35,25.5,11.9245614035088,11.15,11.1,19.3,45.2964285714286,44.45,10.0,24.154,17.7950704225352,28.12,14.2791044776119,8.78108695652174,11.6058823529412,20.45,21.45,284.0,76.4,4600.0,91.5846153846154,199.0,100.833333333333,112.0,51.8882352941176,25.3436893203883,479.8,240.52380952381,10.1,122.0,59.4,8.34902777777778,40.4,31.45,74.2,67.5166666666667,59.2785714285714,142.454545454545,115.339622641509,57.8426666666667,37.43,131.75,20.0052083333333,8.27641025641026,105.333333333333,75.3806451612903,101.5,82.2871428571429,612.0,285.0,505.0,227.0,130.533333333333,114.5,274.5,244.0,37.525,236.5,171.5,86.9,218.0,47.05,78.1,116.0,42.75
41.6307692307692,41.2583333333333,71.98,51.1,108.5,77.5854838709677,11.9,44.8,109.0,32.0,35.9,432.0,212.5,22.7,115.0,406.5,18.1431818181818,,25.15,45.15,135.5,26.3,12.25,16.7,25.1,60.7,293.888888888889,333.0,29.0,41.3,30.55,20.0,27.95,416.0,259.5,286.5,44.5833333333333,12.0610169491525,159.833333333333,,27.8525,88.4089655172414,19.7480769230769,,334.016129032258,266.0,24.3330319888734,17.05,130.3,38.3,19.8,21.7583333333333,69.40625,24.7,236.291666666667,152.0,24.9818181818182,51.8,87.3888888888889,204.45652173913,60.3,109.8,76.5,244.75,64.0433962264151,11.3071428571429,109.791666666667,174.166666666667,29.2377880184332,28.7545454545455,69.9,292.0,254.0,225.666666666667,43.2409836065574,48.7,13.5,31.7833333333333,9.77,16.29296875,15.3,38.0040098199673,203.5,18.2,32.7,11.35,25.5214285714286,11.95,11.2,11.1,19.3467289719626,45.275,44.475,10.0,24.1535714285714,17.7950704225352,28.1,14.3,8.78785714285714,11.6,20.4163265306122,21.45,284.0,76.4,4600.0,91.8,199.0,100.833333333333,112.0,51.9025641025641,25.35,479.917808219178,240.977272727273,10.1,122.0,59.375,8.34395833333333,40.4,31.45,74.2,67.7245283018868,59.3,142.0,115.583333333333,58.2733333333333,37.43,131.5,20.0138554216867,8.26158536585366,105.524590163934,75.3806451612903,101.47619047619,82.325,612.0,285.0,505.0,227.0,130.5,114.5,274.5,244.0,37.5,236.5,171.5,86.9,217.5,47.05,78.1142857142857,116.0,42.75
41.6,41.25,71.9285714285714,51.1,108.5,77.525,11.855,44.8145833333333,109.0,32.0,35.9,432.0,212.5,22.7,115.0,406.5,18.1495192307692,,25.15,45.15,135.5,26.3,12.25,16.7015625,25.1,60.7,293.583333333333,333.0,29.0016666666667,41.3,30.55,20.0,27.95,417.375,259.5,286.0,44.6,12.0553846153846,159.5,,27.8941441441441,88.3630434782609,19.7454545454545,,333.95,266.035087719298,24.3490131578947,17.05,130.5,38.3,19.8,21.7362831858407,69.5068181818182,24.7,236.291666666667,152.0,24.9923076923077,51.8571428571428,87.4333333333333,205.058823529412,60.2,109.875,76.6,244.75,64.0071428571429,11.3006756756757,110.0,174.0,29.2965811965812,28.7473684210526,69.9,292.142857142857,254.125,225.5,43.2107594936709,48.75,13.4929577464789,31.7541666666667,9.779375,16.3,15.3,38.1845971563981,203.5,18.225,32.7,11.3236842105263,25.5333333333333,11.95,11.2,11.1,19.3357142857143,45.25,44.4777777777778,10.0,24.1673076923077,17.7456858846918,28.1,14.2666666666667,8.79506981740064,11.6142857142857,20.45,21.45,284.0,76.4,4600.0,91.8666666666667,199.0,100.833333333333,112.0,51.9368421052631,25.3566433566434,478.5,241.534482758621,10.0952830188679,122.0,59.3538461538461,8.33196078431373,40.4,31.45,74.2,68.0,59.3,142.0,116.391408114558,58.3725490196078,37.43,131.5,20.05,8.24939393939394,106.156097560976,75.4,101.75,82.2738095238095,612.0,285.0,505.0,227.0,130.4625,114.5,274.5,244.0,37.5,236.5,171.5,86.9,216.928571428571,47.05,78.275,116.0,42.75
41.5875,41.25,71.9,51.1,108.5,77.525,11.8583333333333,44.8,109.0,32.0,35.9,432.0,212.75,22.7,115.0,406.5,18.1387755102041,,25.15,45.15,135.5,26.3,12.25,16.7,25.1,60.7,293.690476190476,333.0,29.05,41.3,30.55,20.0,27.95,417.375,259.5,286.5,44.5833333333333,12.05,159.5,,27.9205128205128,88.3577319587629,19.7433333333333,,333.5,266.134615384615,24.3830904522613,17.0489669421488,130.0,38.35,19.8,21.70625,69.6,24.7,236.291666666667,151.5,25.006,51.9,87.4571428571429,205.0,60.2,110.0,76.6,244.5,64.1,11.3,109.944444444444,174.0,29.3015957446809,28.792,69.9,292.3,254.5,225.413043478261,43.2457746478873,48.75,13.4882352941176,31.75,9.78,16.2985815602837,15.3002,37.7931884057971,203.5,18.2,32.7,11.35,25.55,11.95,11.2,11.1,19.3208333333333,45.2708333333333,44.45,10.0,24.1986111111111,17.7,28.11,14.3,8.78996323529412,11.6,20.45,21.428125,284.0,76.4,4600.0,91.7,199.0,101.0,112.0,52.0015384615385,25.3594202898551,478.642857142857,242.0,10.1,122.125,59.325,8.32866666666667,40.4045454545455,31.45,74.2,68.2274509803921,59.3666666666667,142.5,116.948356807512,58.4537735849057,37.43,131.5,20.05,8.24,106.473214285714,75.3666666666667,101.966666666667,82.2368421052632,612.0,285.0,505.0,227.0,130.5,114.5,274.5,244.0,37.5166666666667,236.5,171.75,86.9,217.5,47.05,78.4333333333333,116.0,42.75
41.5886363636364,41.25,71.9517241379311,51.1,108.5,77.596,11.85,44.7970588235294,109.0,32.0,35.9,432.0,212.75,22.7,115.0,407.5,18.1474358974359,,25.15,45.15,135.5,26.3,12.2,16.7,25.1,60.7,293.8,333.0,29.05,41.35,30.55,20.0,28.0,419.0,259.5,286.5,44.5833333333333,12.05,159.5,,27.9635593220339,88.3,19.75,,333.666666666667,266.0,24.4562782608696,17.0786324786325,130.0,38.3333333333333,19.7692307692308,21.7439655172414,69.5064516129032,24.7,236.5,151.5,25.006,51.9,87.4111111111111,205.333333333333,60.2263157894737,109.5,76.5333333333333,244.5,64.1,11.3,110.0,174.0,29.2797297297297,28.7592105263158,69.9,292.0,254.25,225.483870967742,43.3440251572327,48.75,13.4923469387755,31.75,9.77166666666667,16.3125,15.3,37.8964285714286,203.5,18.2166666666667,32.7,11.35,25.55,11.95,11.1954545454545,11.1442477876106,19.3227272727273,45.275,44.45,10.0,24.1619565217391,17.656746031746,28.1,14.3,8.7904,11.6,20.45,21.4318181818182,284.0,76.4,4605.0,91.5,199.0,100.75,112.0,52.1016129032258,25.35,478.777777777778,242.190476190476,10.1,122.0,59.4,8.33384615384615,40.4045454545455,31.45,74.2,68.4044444444445,59.3888888888889,142.5,116.646739130435,58.5940476190476,37.35,131.5,20.0480769230769,8.24051428571429,106.46835443038,75.3,102.0,82.0232142857143,612.0,285.0,505.0,227.0,130.184331797235,114.5,274.5,244.0,37.55,236.5,171.75,86.9,217.0,47.05,78.4833333333333,116.0,42.75
41.5956349206349,41.25,71.9714285714286,51.1,108.5,77.6,11.897619047619,44.8,109.0,32.0128787878788,35.9,432.0,212.75,22.65,115.0,409.0,18.15,,25.1954545454545,45.2,135.5,26.3,12.25,16.7,25.1,60.7,293.5,333.0,29.1,41.35,30.55,19.95,28.0,419.0,259.5,286.5,44.5833333333333,12.0503603603604,159.5,,28.0447207678883,88.319696969697,19.75,,333.924242424242,266.0,24.4985905567301,17.0756097560976,130.0,38.35,19.7642857142857,21.7857142857143,69.5,24.7,236.5,151.5,25.006,51.9,87.4,205.0,60.2,109.506849315068,76.5,244.5,64.1,11.302380952381,110.0,174.0,29.3316666666667,28.7305555555556,69.9,292.0,254.2,225.461538461538,43.4,48.7708333333333,13.4508620689655,31.75,9.76818181818182,16.3947368421053,15.3,37.9993150684931,203.0,18.2166666666667,32.7,11.35,25.55,11.95,11.1954545454545,11.1442477876106,19.3166666666667,45.275,44.4666666666667,10.0,24.1882352941176,17.6880952380952,28.1,14.25,8.79025641025641,11.6,20.4464285714286,21.45,284.0,76.6166666666667,4600.0,91.55,199.0,100.625,112.0,52.1,25.3477678571429,477.928571428571,242.457142857143,10.0992307692308,121.95,59.3967741935484,8.34,40.4045454545455,31.45,74.3,68.3,59.41,142.5,116.479166666667,59.0993197278911,37.35,131.5,20.05,8.24011494252874,106.871794871795,75.35,102.0,81.8611111111111,612.0,284.5,507.5,227.0,130.214285714286,114.5,274.5,243.5,37.5425,236.5,172.0,86.9,217.0,47.2,78.475,116.0,42.75
41.5739130434783,41.25,71.93,51.1333333333333,108.5,77.5857142857143,11.87,44.7634146341464,109.0,32.05,35.9,431.214285714286,212.5,22.65,115.0,410.2,18.1485207100592,,25.15,45.2,135.5,26.3,12.2,16.7,25.1,60.7,293.5,333.0,29.1,41.35,30.55,20.0,28.0,419.5,259.5,287.0,44.6,12.05,159.5,,28.193043812452,88.370297029703,19.7269230769231,,333.833333333333,266.0,24.6002760351317,17.058273381295,130.0,38.35,19.75,21.7961538461538,69.5,24.7,236.5,151.0,25.05,51.9,87.48,205.05,60.26,109.5,76.475,244.5,64.0975,11.3,109.727272727273,174.0,29.3495798319328,28.7375,69.9,292.0,254.0,225.43023255814,43.3894230769231,48.8,13.45,31.75,9.76818181818182,16.4207317073171,15.2928571428571,37.9833333333333,202.5,18.2,32.7,11.3,25.535,11.95,11.1518518518519,11.15,19.3,45.3,44.484,10.0,24.178,17.7,28.1015625,14.2666666666667,8.79117647058823,11.6125,20.45,21.45,284.0,76.6166666666667,4600.0,91.5,199.0,101.0,112.0,52.0625,25.35,477.958333333333,241.888888888889,10.05,121.666666666667,59.4,8.34925925925926,40.4045454545455,31.45,74.3,68.16,59.3606060606061,142.75,115.810810810811,58.9980392156863,37.35,131.5,20.0239130434783,8.24982142857143,106.40625,75.3647058823529,101.630434782609,81.81,612.0,284.5,507.5,227.0,130.0,114.5,274.5,244.0,37.5464285714286,236.5,172.0,86.9,217.0,47.05,78.5,116.0,42.75
41.5480994152047,41.25,71.9230769230769,51.1,108.5,77.5857142857143,11.85,44.7833333333333,109.0,32.0887640449438,35.9,431.0,213.0,22.65,115.0,410.5,18.1484536082474,,25.15,45.2,135.5,26.3,12.2,16.7,25.1,60.7,293.5,333.0,29.1,41.35,30.55,20.0,28.0,419.5,259.5,287.0,44.6,12.0587939698492,159.5,,28.1972468916519,88.4364532019704,19.7333333333333,,334.254901960784,266.010204081633,24.6133863485752,17.0652173913043,129.958333333333,38.35,19.75,21.7846153846154,69.5,24.7166666666667,236.5,151.0,25.05,51.9,87.45,204.5,60.3,109.545454545455,76.5333333333333,244.5,64.0975609756098,11.313,110.0,174.5,29.35,28.6779069767442,69.9,292.0,253.5,225.370967741935,43.3554347826087,48.8,13.4661764705882,31.7625,9.77,16.4796296296296,15.3,38.0015151515152,201.846153846154,18.2,32.7,11.35,25.55,11.9329787234043,11.15,11.15,19.325,45.2541666666667,44.5,10.0,24.1673913043478,17.7,28.1416666666667,14.2438839285714,8.79370786516854,11.6261904761905,20.4242857142857,21.45,284.0,76.6166666666667,4600.0,91.6,199.0,100.85,112.0,51.9311475409836,25.3,477.666666666667,241.5,10.075,122.0,59.35,8.34741721854305,40.4045454545455,31.45,74.3,68.1,59.3705882352941,142.8,115.58064516129,59.4685314685315,37.35,131.5,20.0319444444444,8.25116279069768,106.5,75.3647058823529,101.65625,81.8066666666667,612.0,284.0,509.333333333333,227.5,130.0,114.5,274.5,243.5,37.53125,236.5,172.0,86.9,217.5,47.05,78.5090909090909,116.0,42.75
41.5472222222222,41.2555555555556,71.9166666666667,51.2,108.5,77.5,11.8625,44.821,109.0,32.054347826087,35.9,431.0,212.833333333333,22.65,115.0,410.5,18.1497010463378,,25.175,45.1272727272727,135.5,26.3,12.2,16.7,25.115,60.7,293.5,333.0,29.1,41.2915254237288,30.55,20.0,28.0,419.5,259.5,287.0,44.55,12.05,159.5,,28.2847425057648,88.552,19.75,,334.5,266.016129032258,24.587146422629,17.1028445512821,130.0,38.35,19.75,21.7625,69.5,24.7,236.5,151.0,25.1,51.9909090909091,87.5,204.5,60.3,109.6875,76.6,244.5,64.1,11.3,110.0,174.5,29.3413333333333,28.7344827586207,69.9,292.0,253.75,225.5,43.3092592592593,48.8,13.4719298245614,31.7625,9.77,16.5333333333333,15.25,38.0279661016949,202.0,18.2,32.7,11.35,25.5375,11.9357142857143,11.2,11.15,19.3,45.25,44.4984375,10.0,24.1666666666667,17.7,28.1416666666667,14.2,8.79682926829268,11.6166666666667,20.45,21.45,284.0,76.8,4607.5,92.2713414634146,199.0,100.9375,112.0,51.8086956521739,25.2975,477.4,241.0,10.054347826087,122.25,59.3333333333333,8.35,40.4045454545455,31.45,74.3,68.1,59.2979591836735,142.625,116.0,59.725,37.35,131.5,20.05,8.25180327868852,106.5,75.3666666666667,101.916666666667,81.9,612.0,284.0,509.333333333333,227.5,130.0,114.5,274.5,243.5,37.53125,236.5,172.5,86.9,217.5,47.05,78.4,116.0,42.75
41.5231707317073,41.2457627118644,71.9,51.2,108.5,77.5333333333333,11.8904761904762,44.8764705882353,109.0,32.0714285714286,35.9,431.0,212.833333333333,22.7,115.119565217391,410.285714285714,18.1615079365079,,25.175,45.1272727272727,135.5,26.3,12.2,16.7,25.1,60.7,293.5,332.5,29.05,41.2915254237288,30.525,20.0,28.0,419.5,259.5,287.0,44.6,12.0509960159363,159.5,,28.4489522700815,88.7116972477064,19.7479166666667,,333.345930232558,266.038461538462,24.6275967413442,17.1352576335878,130.0,38.3833333333333,19.75,21.75,69.5,24.7,236.5,151.5,25.05,52.0,87.5222222222222,204.5,60.3,109.545454545455,76.6,244.5,64.1625,11.3157894736842,109.8125,174.4375,29.371875,28.7347826086956,69.9,292.5,254.0,224.971264367816,43.3,48.85,13.45,31.7583333333333,9.77,16.5781690140845,15.2552631578947,38.0148148148148,202.03125,18.2,32.7,11.35,25.5375,11.905,11.2,11.15,19.3,45.25,44.475,10.0,24.15,17.7,28.1,14.24,8.79035335689046,11.6051282051282,20.45,21.45,284.0,76.8,4607.5,92.3875,198.947368421053,101.25,111.5,51.7518518518518,25.2907407407407,476.682926829268,240.130434782609,10.05,122.483333333333,59.4066666666667,8.36348837209302,40.4045454545455,31.5,74.2,68.05,59.3388888888889,142.625,116.0,59.6357142857143,37.35,131.5,20.05,8.25566037735849,106.5,75.4,101.75,81.9058823529412,612.0,284.0,509.333333333333,227.5,129.98717948718,114.5,274.5,243.5,37.5,236.5,172.928571428571,86.9,217.586206896552,47.05,78.5444444444444,116.0,42.75
41.5428571428571,41.20625,71.7705882352941,51.2,108.5,77.5,11.85,44.9388888888889,109.0,32.034,35.9,431.0,213.0,22.7363636363636,115.119565217391,409.0,18.1492012779553,,25.175,45.1,135.5,26.3,12.2,16.7038461538462,25.1468253968254,60.7,293.5,332.5,29.05,41.28125,30.525,20.0,28.0,419.5,259.5,287.0,44.5441176470588,12.036641221374,159.513157894737,,28.4277298850575,88.697247706422,19.7184210526316,,332.677083333333,266.09375,24.6050719671008,17.1284860557769,130.0,38.3833333333333,19.75,21.75,69.5,24.7,236.5,151.5,25.0,51.9833333333333,87.5076923076923,205.0,60.3,109.5,76.5285714285714,244.5,64.1583333333333,11.3,110.0,174.5,29.4087209302326,28.7044444444444,69.9,292.277777777778,254.0,223.886046511628,43.2785714285714,48.84,13.4517730496454,31.75,9.77,16.5194444444444,15.25,37.9990740740741,202.5,18.2,32.7,11.35,25.5,11.925,11.1962962962963,11.15,19.3,45.25,44.47,10.0,24.16,17.7019920318725,28.1,14.24375,8.79,11.65,20.4215517241379,21.4458333333333,284.5,76.8,4607.5,92.05,198.5,101.25,111.5,51.7428571428572,25.2622807017544,475.020833333333,239.111111111111,10.075,122.5,59.4,8.351015625,40.4,31.475,74.2,68.1,59.3934782608696,142.5,115.984848484848,59.3676923076923,37.35,131.5,20.0475,8.24407725321888,106.470588235294,75.3933333333333,101.766666666667,81.9,612.0,284.5,509.333333333333,227.5,129.989361702128,114.5,274.5,243.5,37.525,236.5,173.0,86.9,218.0,47.0,78.6,116.0,42.8
41.5274193548387,41.2055555555556,71.6428571428571,51.1,108.5,77.5,11.85,44.9833333333333,108.916666666667,32.0142857142857,35.95,431.0,212.833333333333,22.75,115.25,408.0,18.1478873239437,,25.15,45.0475409836065,135.5,26.3,12.2,16.7,25.1468253968254,60.7,293.5,333.0,29.05,41.2928571428571,30.6,20.0,28.0,419.5,259.5,287.0,44.5333333333333,12.0355871886121,159.5,,28.3333850931677,88.6917127071823,19.7270833333333,,333.727272727273,266.051724137931,24.7687159043223,17.1012087912088,130.0,38.3833333333333,19.7717391304348,21.7366666666667,69.5666666666667,24.7,236.5,151.5,25.0,51.9166666666667,87.6875,204.921052631579,60.3,109.472222222222,76.5,244.5,64.1079365079365,11.3,109.78125,174.5,29.4077092511013,28.7935714285714,69.9,292.277777777778,254.0,223.965517241379,43.25,48.84,13.4521551724138,31.75,9.77,16.5461538461538,15.25,37.9407407407407,202.5,18.2,32.7,11.34,25.5125,11.95,11.2,11.15,19.3,45.265,44.45,10.0,24.1629032258064,17.7,28.1,14.205,8.78957236842105,11.6,20.4382352941176,21.4,284.5,76.7,4607.5,91.9,198.5,101.25,111.5,51.8,25.2686440677966,475.909090909091,239.139534883721,10.0896551724138,122.5,59.4,8.35916666666667,40.4,31.5,74.2,68.1,59.4384615384615,142.5,115.962962962963,59.1852459016393,37.35,131.5,20.05,8.24871794871795,106.5,75.3933333333333,101.791666666667,81.8142857142857,618.0,284.5,509.333333333333,227.5,130.022727272727,114.5,274.5,243.5,37.525,236.5,173.25,86.9,218.0,47.0,78.49375,115.5,42.8
41.5294871794872,41.2,71.6571428571429,51.1,108.5,77.5833333333333,11.85,45.0582089552239,109.0,32.05,35.95,431.5,212.833333333333,22.75,115.25,408.0,18.15,,25.15,45.05,135.5,26.3,12.2,16.7,25.1,60.7,293.65,333.0,29.05,41.2666666666667,30.6,20.0,28.0,419.5,259.5,287.0,44.55,12.0351351351351,159.75,,28.35,88.692576419214,19.7270833333333,,333.857142857143,266.0,24.7827503279405,17.0823770491803,129.833333333333,38.35,19.7717391304348,21.77,69.5,24.7,236.5,151.5,25.0166666666667,51.9666666666667,87.675,204.75,60.3,109.433333333333,76.5,244.5,64.1,11.3,109.944444444444,174.666666666667,29.3747933884298,28.8121621621622,69.9,292.0,254.0,224.045454545455,43.2176470588235,48.85,13.4268907563025,31.75,9.77,16.5,15.25,37.9947368421053,203.0,18.25,32.7,11.34,25.5,11.925,11.2,11.15,19.3479651162791,45.26,44.45,10.0,24.1642857142857,17.7,28.1138888888889,14.25,8.79386363636364,11.6,20.4481481481481,21.45,284.5,76.6,4607.5,92.0181818181818,198.5,101.384615384615,111.5,51.7,25.2607142857143,476.045454545455,239.977272727273,10.0612903225806,122.333333333333,59.3714285714286,8.36957446808511,40.4,31.5,74.2,68.1,59.5103448275862,142.025,116.020833333333,59.2425531914894,37.35,131.5,20.0346153846154,8.23944785276074,106.078947368421,75.4,101.967948717949,81.8846153846154,618.0,284.5,508.0,227.5,130.0,114.5,274.5,243.5,37.525,236.5,173.166666666667,86.9,218.0,47.0,78.28,115.5,42.8
41.55,41.2022900763359,71.7,51.2,108.5,77.6,11.85,45.1475,109.0,32.05,35.95,431.5,212.75,22.75,115.0,408.0,18.1490990990991,,25.15,45.05,135.5,26.3,12.2,16.7,25.1,60.7,293.5,333.0,29.05,41.2984848484848,30.6,20.0125,28.05,417.5,259.5,287.0,44.55,12.0361363636364,159.75,,28.3635334088335,88.7,19.75,,333.5,265.511904761905,24.7296125461255,17.0666666666667,129.5,38.35,19.7489795918367,21.755,69.6,24.7,236.0,151.5,25.0,51.9,87.5722222222222,205.0,60.3,109.041666666667,76.5,244.5,64.1,11.3,109.9,174.5,29.3785714285714,28.8095744680851,69.9,292.055555555556,254.0,224.5,43.2670454545455,48.9,13.45,31.75,9.77,16.5111111111111,15.2923469387755,37.9911764705882,203.0,18.2,32.7,11.3,25.5,11.9,11.2,11.15,19.3027777777778,45.25,44.4777777777778,10.0,24.1581081081081,17.6869318181818,28.1,14.2038461538462,8.79,11.6,20.4297297297297,21.4333333333333,284.5,76.6,4607.5,92.0428571428571,198.412698412698,101.125,111.5,51.6823529411765,25.2653846153846,475.25,240.34375,10.09,122.0,59.3,8.36096916299559,40.4,31.45,74.2,68.1,59.55,142.0,116.0,59.164,37.35,131.5,20.05,8.24,106.0,75.4,102.0,81.9041666666667,618.0,284.666666666667,506.0,227.5,129.681818181818,114.5,274.5,243.5,37.5,236.5,173.166666666667,86.9,218.0,47.1,78.1,115.5,42.8
41.5192307692308,41.15,71.7,51.2,108.833333333333,77.6,11.85,45.1871794871795,109.0,32.05,35.95,431.807692307692,213.0,22.75,115.0,408.0,18.1466019417476,,25.15,45.05,135.5,26.3,12.2,16.7022727272727,25.1,60.7,293.611111111111,333.0,29.05,41.3,30.6,19.9839285714286,28.0,417.5,259.5,287.0,44.5625,12.05,159.75,,28.3140532544379,88.6666666666667,19.75,,333.458333333333,265.518181818182,24.6785652173913,17.0625,129.5,38.4,19.7489795918367,21.75,69.5076923076923,24.7125,236.0,151.5,25.05,51.9090909090909,87.6,204.5,60.3,109.5,76.5,244.5,64.1,11.3,110.0,174.5,29.3219135802469,28.8214285714286,69.912,292.25,254.0,224.5,43.25,48.9,13.4490291262136,31.75,9.77,16.5244680851064,15.3012195121951,37.95,203.0,18.2,32.7,11.325,25.5,11.9,11.2,11.1,19.3,45.27,44.45,10.0,24.1663043478261,17.65,28.1208333333333,14.2495081967213,8.79368852459017,11.6032710280374,20.45,21.45,284.5,76.6,4607.5,92.0,197.796296296296,100.909090909091,111.5,51.6,25.2692307692308,473.694444444445,240.078947368421,10.07,122.038461538462,59.25,8.3665,40.4,31.4375,74.2,68.1,59.4596774193548,142.0,115.411392405063,59.01796875,37.35,132.0,20.05,8.2409375,106.0,75.3714285714286,102.0,81.9,618.0,284.666666666667,506.0,227.5,129.5,114.5,274.5,243.5,37.5,236.5,173.5,86.9,218.0,47.0,77.9833333333333,115.5,42.9
41.525,41.15,71.65,51.2,109.0,77.6,11.85,45.2413043478261,109.0,32.05,35.9,431.807692307692,212.958333333333,22.75,115.166666666667,408.0,18.15,,25.15,45.05,135.5,26.3,12.25,16.75,25.1333333333333,60.7,293.194444444445,334.0,29.05,41.3,30.6,19.9839285714286,28.0,417.5,259.5,287.0,44.5625,12.0512396694215,159.75,,28.2811239193084,88.6625,19.7461538461538,,333.5,265.5,24.7,17.0654761904762,129.583333333333,38.4,19.7,21.75,69.5,24.7,236.0,151.5,25.1,51.9,87.4588235294118,204.833333333333,60.4,109.75,76.5,244.5,64.11,11.2966019417476,109.56976744186,174.458333333333,29.2352601156069,28.825,70.0,292.353658536585,254.0,224.5,43.2394736842105,48.85,13.45,31.775,9.77,16.4932432432432,15.3,37.9522727272727,203.0,18.2,32.7,11.35,25.5,11.9015384615385,11.2,11.1,19.3,45.3,44.4608695652174,10.0,24.15,17.65,28.1208333333333,14.25,8.78846153846154,11.6,20.4369565217391,21.45,284.5,76.6,4602.5,92.0333333333334,197.593333333333,101.0,111.5,51.5908163265306,25.3,473.545454545455,239.75,10.05,122.166666666667,59.2090909090909,8.35009345794393,40.35,31.45,74.2,68.1,59.4,141.235507246377,115.111111111111,58.9928571428572,37.35,131.5,20.05,8.25,106.0,75.4,102.0,81.9,618.0,284.5,506.0,227.5,129.5,114.25,274.5,244.0,37.5098039215686,236.5,173.5,86.9,218.0,47.1,78.125,115.5,42.8
41.5388888888889,41.15,71.7,51.2,109.0,77.5857142857143,11.85,45.25,109.0,32.05,35.85,432.0,213.166666666667,22.75,115.166666666667,407.5,18.15,,25.15,45.02,135.5,26.3,12.25,16.8521551724138,25.1,60.7,293.0,333.333333333333,29.05,41.2807692307692,30.6,19.9839285714286,27.988,417.5,259.5,287.5,44.55,12.032905982906,159.75,,28.255585106383,88.7247524752475,19.7,,333.6875,265.502512562814,24.6966228893058,17.0898305084746,129.583333333333,38.4,19.7,21.75,69.5333333333333,24.7,235.7,151.5,25.1134146341463,51.9,87.31,205.0,60.4,109.5,76.5,244.5,64.1,11.29375,110.0,174.4375,29.1898648648649,28.8321428571429,70.0,292.5,253.833333333333,224.571428571429,43.1958333333333,48.85,13.453937007874,31.775,9.77,16.45,15.265625,37.9611111111111,203.0,18.246875,32.7,11.35,25.5,11.9,11.1946428571429,11.1,19.3,45.25,44.45,10.0116279069767,24.1611111111111,17.7,28.1135542168675,14.24375,8.78942307692308,11.6,20.4368421052632,21.45,284.5,76.6,4602.5,92.0,198.0,101.0,111.5,51.612,25.2875,473.538461538462,239.625,10.0739130434783,122.5,59.2,8.34264705882353,40.35,31.45,74.2,68.1222222222222,59.4,141.0,115.026315789474,58.8096774193548,37.35,132.0,20.05,8.2556,105.5,75.4,102.0,81.8,618.0,284.5,506.0,227.5,129.5,114.5,274.5,243.5,37.5,236.5,173.5,86.8,218.0,47.0,78.3,115.5,42.8
41.5379310344828,41.15,71.6166666666667,51.2,109.0,77.6,11.85,45.1789855072464,109.0,32.05,35.85,432.0,213.0,22.75,115.166666666667,407.5,18.1492424242424,,25.15,45.05,135.5,26.3,12.25,16.9,25.1,60.7,293.291666666667,333.333333333333,29.05,41.3,30.6,19.9839285714286,27.94375,417.5,259.5,287.5,44.55,12.0015873015873,159.5,,28.2349753694581,88.7,19.7,,333.5,265.381097560976,24.6169187898089,17.0714285714286,130.0,38.4,19.7,21.776,69.5666666666667,24.7071428571429,235.333333333333,151.5,25.1,51.86,87.3909090909091,204.888888888889,60.4,109.5,76.4142857142857,244.5,64.1,11.25,109.9375,174.125,29.1589552238806,28.8161290322581,70.0,292.025,253.375,224.357142857143,43.37,48.8,13.4444444444444,31.75,9.77,16.45,15.2625,37.9900900900901,203.0,18.25,32.725,11.3,25.55,11.9008620689655,11.1946428571429,11.15,19.3,45.25,44.4833333333333,10.0,24.1916666666667,17.6555555555556,28.1,14.24,8.78935483870968,11.6388888888889,20.45,21.45,284.5,76.525,4602.5,92.0,198.0,101.0,111.5,51.5625,25.2513605442177,474.0,238.895,10.0805555555556,121.75,59.16,8.34636363636364,40.35,31.45,74.2,68.2,59.3857142857143,140.684210526316,115.147058823529,58.7816666666667,37.35,131.5,20.05,8.25,105.5,75.4,102.013043478261,81.8,618.0,284.5,506.0,227.5,129.5,114.0,274.5,243.5,37.5071428571429,236.5,173.5,86.8,218.0,47.0,78.3,115.5,42.8
41.5411764705882,41.1611111111111,71.6,51.2,108.5,77.5222222222222,11.8502525252525,45.1653846153846,109.0,32.06,35.85,432.0,213.0,22.75,115.166666666667,407.5,18.1445652173913,,25.15,45.05,135.5,26.3,12.25,16.8846153846154,25.1,60.7,293.4,333.333333333333,29.05,41.3,30.6,19.95,27.9,417.5,259.5,287.5,44.5571428571429,12.0317679558011,159.5,,28.2,88.7081967213115,19.7071428571429,,334.0,265.526315789474,24.6055954088953,17.0584541062802,130.0,38.4,19.75,21.8,69.5047619047619,24.7083333333333,235.333333333333,151.375,25.1,51.86,87.38125,205.076923076923,60.32,109.5,76.4666666666667,244.5,64.0815789473684,11.2804347826087,109.944444444444,174.125,29.15,28.8409090909091,70.0,292.0,253.0,223.875,43.6922086720867,48.75,13.4464285714286,31.7916666666667,9.77,16.45,15.25,37.9939024390244,203.0,18.225,32.7,11.3,25.55,11.903125,11.1946428571429,11.15,19.3022727272727,45.25,44.45,10.0,24.19,17.7,28.1,14.25,8.78523809523809,11.6,20.446,21.45,284.5,76.4666666666667,4602.5,91.89,198.0,101.0,112.0,51.5586206896552,25.2388888888889,474.55,238.5,10.1,121.833333333333,59.2,8.34243902439024,40.35,31.45,74.2,68.2,59.3545454545455,140.88,115.0,58.9694444444445,37.4,131.5,20.05,8.24970297029703,105.5,75.2666666666667,102.428571428571,81.8,618.0,284.5,506.0,227.5,129.5,114.0,274.5,243.5,37.5455882352941,236.5,173.5,86.9,218.0,47.2,78.3,115.5,42.8
41.55,41.1416666666667,71.7,51.2,108.5,77.6,11.85,45.1,109.0,32.05,35.85,432.0,213.0,22.75,115.166666666667,407.5,18.1211538461538,,25.15,45.05,135.5,26.3,12.2,16.9202380952381,25.1,60.7,293.214285714286,333.333333333333,29.05,41.3,30.6,19.95,27.9,417.5,259.5,287.4,44.6,12.0199346405229,159.5,,28.2,88.7415730337079,19.7444444444444,,333.5625,265.535714285714,24.54425,17.05,130.0,38.4,19.75,21.778125,69.6,24.7,235.333333333333,151.375,25.1,51.9,87.325,205.5,60.3285714285714,109.083333333333,76.5,244.5,64.0615384615385,11.2930555555556,109.833333333333,174.0,29.1538043478261,28.8267857142857,70.0,292.0,253.0,223.375,43.8185303514377,48.7916666666667,13.4491071428571,31.75,9.78,16.45,15.2997076023392,38.004347826087,203.0,18.2,32.7,11.3,25.55,11.9203947368421,11.1946428571429,11.1333333333333,19.325,45.25,44.45,10.0,24.2,17.7,28.1421052631579,14.25,8.79,11.6,20.4041176470588,21.4277777777778,284.5,76.4666666666667,4595.0,91.7384615384616,198.0,100.5,111.5,51.62,25.25,474.944444444445,238.5,10.0970588235294,122.0,59.2,8.33204545454545,40.35,31.45,74.2333333333333,68.2,59.4,141.035714285714,114.984848484848,59.2555555555556,37.4,131.5,20.0048192771084,8.24,105.5,75.1777777777778,102.5,81.7777777777778,618.0,284.444444444445,506.0,227.5,129.621951219512,114.0,274.5,244.0,37.5,236.5,173.5,86.9,218.0,47.0,78.2625,115.5,42.8
41.5432432432432,41.1,71.7260869565218,51.2,108.5,77.5666666666667,11.85,45.05,109.0,32.05,35.85,432.5,212.666666666667,22.75,115.166666666667,407.5,18.1427777777778,,25.15,45.05,135.5,26.3,12.2,16.9493670886076,25.1,60.7,293.5,333.333333333333,29.05,41.3,30.6,19.95,27.9,417.5,259.5,287.4,44.6,12.0369509043928,159.5,,28.2,88.7054545454545,19.75,,333.947368421053,265.541666666667,24.55146484375,17.0549019607843,130.0,38.4,19.75,21.7625,69.5,24.7,235.333333333333,151.375,25.05,51.9,87.34,205.571428571429,60.4,109.166666666667,76.5,244.5,64.0,11.259375,110.0,174.227272727273,29.1514705882353,28.8507692307692,69.9,292.333333333333,253.0,224.0,43.789175257732,48.75,13.4474308300395,31.75,9.78,16.45,15.305,38.0380208333333,203.0,18.2333333333333,32.7,11.3,25.55,11.90875,11.1946428571429,11.1333333333333,19.325,45.25,44.45,10.0,24.1938775510204,17.7,28.1285714285714,14.2478260869565,8.78939698492462,11.6029069767442,20.4020979020979,21.4,284.5,76.4666666666667,4595.0,91.8571428571429,198.0,100.5,111.5,51.609756097561,25.2403225806452,474.444444444445,238.72,10.0714285714286,122.0,59.2,8.33538461538462,40.35,31.45,74.2,68.1166666666667,59.3916666666667,141.0,115.0,59.1769230769231,37.3375,131.5,20.05,8.24,105.5,75.0728571428571,102.539156626506,81.7947368421053,618.0,284.5,506.0,227.25,129.666666666667,114.5,274.5,243.666666666667,37.5,236.5,173.5,86.9,218.0,47.1,78.2,115.5,42.8
41.5090909090909,41.1043859649123,71.8,51.1875,108.5,77.5,11.85,45.0409090909091,109.0,32.05,35.85,431.75,212.666666666667,22.75,115.5,408.0,18.15,,25.15,45.05,135.5,26.25,12.2,17.0157643312102,25.1,60.7,293.25,333.333333333333,29.0875,41.3142857142857,30.6,19.95,27.925,417.5,259.5,287.4,44.55,12.0082706766917,159.5,,28.2,88.7942424242424,19.74,,333.75,265.555555555556,24.5973799126638,17.0737288135593,130.285714285714,38.45,19.735,21.7783333333333,69.5,24.75,236.0,151.0,25.05,51.8,87.4111111111111,205.75,60.4,109.416666666667,76.5037037037037,244.5,64.0,11.2880952380952,110.0,174.3,29.15,28.8833333333333,69.9,292.111111111111,253.0,224.0,43.7475961538461,48.75,13.4541666666667,31.8,9.77,16.45,15.3,38.1162790697674,203.0,18.2333333333333,32.7,11.3,25.5333333333333,11.95,11.1946428571429,11.15,19.3166666666667,45.25,44.45,10.0,24.1541666666667,17.7,28.1125,14.225,8.79,11.6125,20.41875,21.4015625,284.5,76.4,4595.0,91.9909090909091,198.0,101.0,111.75,51.6026315789474,25.2297101449275,474.625,238.928571428571,10.1,122.0,59.1833333333333,8.34,40.35,31.45,74.2,68.1166666666667,59.3909090909091,141.2,115.0,59.0,37.2879310344828,131.5,20.0510695187166,8.2324060150376,105.5,74.9305555555556,102.785714285714,82.0988847583643,618.0,284.5,506.0,227.0,129.733333333333,114.5,274.5,243.5,37.5,236.5,173.5,86.9,218.0,47.0,78.24,115.5,42.8
41.5444444444445,41.05,71.7636363636364,51.2,108.5,77.5,11.85,45.0388888888889,109.0,32.05,35.85,431.0,212.833333333333,22.8,115.5,408.166666666667,18.1205882352941,,25.15,45.05,135.5,26.25,12.2,17.1015909090909,25.1055555555556,60.7,293.484615384615,334.0,29.1,41.3,30.65,19.95,27.925,417.5,259.5,287.5,44.5625,12.029648241206,159.5,,28.1869565217391,88.9133676092545,19.75,,334.0,265.5,24.6031092436975,17.0570234113712,130.368421052632,38.4,19.75,21.7791666666667,69.6,24.75,236.0,151.0,25.05,51.8,87.475,205.722222222222,60.4,109.5,76.6,244.5,63.9875,11.2684210526316,110.0,175.414141414141,29.143023255814,28.9250950570342,69.9,292.25,253.333333333333,224.0,43.7293650793651,48.8333333333333,13.4514705882353,31.8,9.77,16.45,15.2611111111111,38.1395161290323,203.5,18.2333333333333,32.6875,11.3,25.5071428571429,11.95,11.1946428571429,11.15,19.3004,45.25,44.45,9.99727272727273,24.1666666666667,17.75,28.1366666666667,14.2,8.79027777777778,11.6,20.4136363636364,21.4015625,284.5,76.4,4595.0,91.9,198.0,101.0,111.75,51.6038461538462,25.25,474.045454545455,239.0,10.1,122.071428571429,59.2,8.33489361702128,40.35,31.45,74.2,68.2,59.4,141.0625,114.954545454545,58.9684210526316,37.2879310344828,131.5,20.05,8.2333,105.725,74.768,102.875,82.2940740740741,618.0,284.75,506.0,227.5,129.638888888889,114.5,274.5,243.5,37.5,236.5,173.666666666667,86.9,218.0,47.1,78.24,115.5,42.8
41.5371428571429,41.0062937062937,71.8,51.2,108.5,77.5428571428571,11.85,45.0016666666667,109.0,32.05,35.85,431.25,212.833333333333,22.775,115.5,408.166666666667,18.1277777777778,,25.15,45.025,135.5,26.3,12.2382352941176,17.0986111111111,25.1,60.7,294.578042328042,334.0,29.0875,41.3,30.65,19.95,27.95,417.5,259.5,287.5,44.575,12.0079646017699,159.5,,28.2,89.2287755102041,19.7375,,334.0,265.5,24.5801136363636,17.05,130.0,38.4,19.75,21.7787356321839,69.7139534883721,24.73125,236.0,151.0625,25.1,51.865,87.5,205.5,60.35,109.5,76.6,244.5,64.0,11.2833333333333,109.928571428571,175.5,29.1461538461539,28.9569565217391,69.9,292.0,253.5,224.0,43.6488095238095,48.85,13.471875,31.8,9.77,16.4979166666667,15.275,38.1067796610169,203.5,18.2,32.6875,11.35,25.5,11.95,11.1946428571429,11.15,19.315,45.25,44.45,10.0,24.1887755102041,17.75,28.1333333333333,14.225,8.78735294117647,11.6,20.4454545454545,21.45,284.5,76.4,4595.0,92.0,198.0,101.0,111.5,51.5823529411765,25.2574324324324,473.833333333333,239.214285714286,10.1,122.0,59.2,8.33875,40.35,31.45,74.2,68.15,59.4965517241379,141.0,114.5,58.9578947368421,37.2879310344828,131.951612903226,20.0514814814815,8.23666666666667,106.0,74.8157894736842,102.676470588235,82.3069767441861,618.0,285.0,506.0,227.5,129.833333333333,114.5,274.5,243.5,37.5,236.5,174.0,86.9,218.2,47.0,78.3,115.5,42.8
41.5105263157895,40.9603658536585,71.8,51.2,108.5,77.5086956521739,11.85,44.9877551020408,109.0,32.05,35.85,430.5,213.0,22.73125,115.5,408.5,18.1242424242424,,25.15,45.0,135.5,26.3,12.25,17.0991329479769,25.1,60.7,295.0,334.0,29.1,41.2955357142857,30.6,19.95,27.95,417.5,259.5,287.5,44.575,12.0,159.5,,28.2265957446809,89.5878494623656,19.7441176470588,,334.0,265.377358490566,24.6015988372093,17.05,130.125,38.4,19.75,21.8,69.9587719298246,24.75,236.0,151.0625,25.05,51.865,87.5,205.6,60.4,109.5,76.6,244.5,64.0,11.2801886792453,110.0,175.988372093023,29.175,28.9611627906977,69.9,292.430555555556,253.5,224.454545454545,43.5898305084746,48.85,13.4897905759162,31.8,9.76,16.5,15.2968085106383,38.2471671388102,203.5,18.2,32.6875,11.35,25.55,11.9480769230769,11.1946428571429,11.15,19.31875,45.25,44.45,10.005,24.15,17.7,28.1071428571429,14.25,8.79,11.6479166666667,20.4296875,21.4,284.5,76.4,4595.0,92.0,198.0,101.0,111.5,51.5266666666667,25.25,473.555555555555,239.458333333333,10.1,122.0,59.2,8.36009852216749,40.35,31.45,74.2,68.15,59.5029411764706,141.0,114.547945205479,58.9,37.2879310344828,132.222222222222,20.05,8.24,106.0,74.8857142857143,103.0,82.405504587156,618.0,284.9,506.0,227.5,129.923076923077,114.5,274.5,243.75,37.5,236.5,174.0,86.9,218.2,47.0,78.4,115.5,42.8
41.5089887640449,40.9552631578947,71.78125,51.2,108.5,77.5,11.85,44.9681818181818,109.0,32.05,35.85,430.5,213.0,22.73125,115.083333333333,408.0,18.1,,25.15,44.95,135.5,26.3,12.25,17.1,25.0903225806452,60.7,295.069444444445,334.0,29.1,41.25,30.65,19.9833333333333,27.95,417.5,259.5,287.5,44.6,12.0100746268657,159.5,,28.2085365853659,89.5828125,19.7013157894737,,334.0,265.326086956522,24.5965736040609,17.0155092592593,130.552941176471,38.4357142857143,19.7,21.83,69.9972972972973,24.7016666666667,236.0,151.0,25.05,51.8,87.5,205.5,60.3666666666667,109.5,76.5222222222222,244.5,64.0,11.3053375196232,109.772727272727,176.0,29.2025510204082,28.9524390243902,69.9,292.2,253.5,224.5,43.6361842105263,48.85,13.45,31.8,9.76,16.5,15.2968085106383,38.3365979381443,203.5,18.2,32.6875,11.3,25.55,11.9491803278689,11.1946428571429,11.15,19.33125,45.25625,44.45,10.0,24.1928571428571,17.7,28.12,14.25,8.78964285714286,11.6,20.4318181818182,21.4,284.5,76.4,4595.0,92.0,198.0,101.0,111.5,51.55,25.2362385321101,473.230769230769,239.642857142857,10.1,122.5,59.2,8.37365313653137,40.347619047619,31.45,74.2,68.2,59.5216216216216,141.0,114.347457627119,58.9,37.2879310344828,132.222222222222,20.09,8.2322641509434,106.0,74.8714285714286,103.144957983193,82.4896103896104,618.0,285.678571428571,506.0,227.5,129.988372093023,114.5,274.5,243.5,37.5,236.5,174.0,86.9,218.2,47.1333333333333,78.5909090909091,115.5,42.85
41.5015151515152,40.9857541899441,71.8333333333333,51.2,109.0,77.5,11.8525,44.95,109.0,32.1,35.85,430.5,213.0,22.75,115.083333333333,408.0,18.1125,,25.15,44.95,135.5,26.3,12.2,17.0867346938776,25.05,60.7,294.018867924528,334.0,29.1,41.26,30.65,19.9833333333333,27.9305555555556,416.5,259.5,287.5,44.555,12.0038461538462,159.5,,28.2,89.6,19.7,,334.0,265.36875,24.5761961722488,17.0079439252336,130.75,38.4357142857143,19.7416666666667,21.8166666666667,70.1090909090909,24.75,236.0,151.0,25.05,51.8,87.5,205.5,60.3846153846154,109.25,76.575,244.5,64.0071428571429,11.3225806451613,109.85,175.975,29.25,28.9848837209302,69.9,292.222222222222,253.333333333333,224.538461538462,43.6761363636364,48.85,13.45,31.775,9.76083333333333,16.5,15.2571428571429,38.2791176470588,203.5,18.2,32.6875,11.3,25.55,11.9493119266055,11.1946428571429,11.15,19.3083333333333,45.2818181818182,44.409375,10.0,24.1793103448276,17.7,28.11,14.2038461538462,8.78844827586207,11.6,20.4206896551724,21.425,284.5,76.4,4595.0,92.0,198.0,101.0,111.5,51.6137254901961,25.2128571428571,473.6,239.0,10.1,122.333333333333,59.2,8.3925,40.347619047619,31.45,74.195652173913,68.1,59.5,141.0,114.037037037037,59.0421052631579,37.2879310344828,132.222222222222,20.05,8.22931034482759,105.75,74.9,103.5,82.5598214285714,618.0,286.454545454545,505.0,227.5,130.0,114.5,274.5,243.5,37.5,236.5,174.0,86.9,218.5,47.175,78.7076923076923,115.5,42.85
41.5318181818182,40.9859550561798,72.0,51.2,109.0,77.5,11.85,44.95,109.0,32.1016129032258,35.85,430.5,213.0,22.75,115.5,408.0,18.1088235294118,,25.15,45.0,135.5,26.25,12.25,17.05,25.075,60.6,295.0,334.0,29.1,41.25,30.65,19.9833333333333,27.95,416.5,259.5,287.5,44.5464285714286,12.0034013605442,159.5,,28.2,89.5594520547945,19.7,,333.625,265.5,24.551724137931,17.0058139534884,131.289377289377,38.4,19.7416666666667,21.8166666666667,70.285,24.75,236.0,151.0,25.0857142857143,51.6971428571429,87.5,205.333333333333,60.3666666666667,109.5,76.6,244.5,64.0,11.3,109.694444444444,175.535714285714,29.3,28.9458333333333,69.9,292.0,253.5,224.285714285714,43.65,48.85,13.4575757575758,31.8,9.75185628742515,16.5,15.3128205128205,38.2582417582418,203.5,18.2,32.675,11.3,25.5,11.9494495412844,11.15,11.15,19.315,45.2727272727273,44.45,10.0,24.15,17.7,28.1111111111111,14.2416666666667,8.78071428571428,11.6,20.4447368421053,21.4,284.5,76.5,4595.0,92.0,198.0625,101.0,111.5,51.7,25.2380952380952,474.0,239.444444444444,10.1,122.5,59.3,8.39540983606557,40.35,31.45,74.2,68.1,59.5142857142857,141.0,114.5,59.01,37.2879310344828,132.0,20.052422907489,8.224875,105.5,74.9,103.520689655172,82.6,618.0,286.5,505.0,227.25,130.076086956522,114.5,274.5,243.5,37.5,236.5,174.0,86.9,218.5,47.05,78.7,115.5,42.8125
41.5069892473118,40.9807692307692,71.8666666666667,51.2,109.0,77.5,11.85,44.95,109.0,32.1,35.85,430.5,213.0,22.75,115.5,408.0,18.1071428571429,,25.15,44.96,135.5,26.25,12.25,17.0512195121951,25.0583333333333,60.6,294.785714285714,334.0,29.1,41.2913043478261,30.65,19.95,27.95,416.5,259.5,287.5,44.5464285714286,12.0048780487805,159.5,,28.1873134328358,89.3555555555556,19.7488888888889,,333.5,265.51282051282,24.501958814666,17.015,132.0,38.425,19.7,21.8076388888889,70.1714285714286,24.7,236.0,151.0,25.0857142857143,51.62,87.6,205.3,60.3615384615385,109.5,76.62,244.5,64.0,11.3,110.0,175.5,29.2935714285714,28.95,69.9,292.0,253.5,224.0,43.69,48.85,13.4507614213198,31.8,9.74428571428572,16.5275510204082,15.3111111111111,38.25,203.5,18.2,32.65,11.3,25.5125,11.9493902439024,11.15,11.15,19.33,45.25,44.45,9.99545454545455,24.175,17.65,28.1452205882353,14.2472222222222,8.78938271604938,11.6,20.4076271186441,21.434375,284.5,76.5,4595.0,92.0,198.0,100.681818181818,111.5,51.7619047619048,25.2358695652174,474.944444444445,239.5,10.0977611940299,122.25,59.3,8.39714285714286,40.3,31.4166666666667,74.3,68.1208333333333,59.5555555555556,140.722222222222,114.595238095238,59.1,37.2879310344828,132.5,20.0554865424431,8.22523255813954,105.5,74.95,103.5,82.6,618.0,286.7,505.0,227.5,130.5,114.5,274.5,243.5,37.5166666666667,236.5,174.0,86.9,219.0,47.05,78.7,115.5,42.8125
41.5078947368421,41.0,71.9,51.18,109.0,77.5416666666667,11.85,44.9083333333333,108.785714285714,32.1,35.85,430.5,213.0,22.75,115.5,408.0,18.1352272727273,,25.15,44.96,135.5,26.25,12.25,17.0366666666667,25.0583333333333,60.6,294.875,334.0,29.1,41.2894736842105,30.65,19.95,27.95,416.5,259.5,287.5,44.525,12.0012295081967,159.5,,28.18125,89.3698224852071,19.74375,,333.642857142857,265.56,24.4574771108851,17.05,131.908163265306,38.4,19.7,21.825,70.25,24.7016129032258,236.0,151.0,25.1,51.62,87.5,205.5,60.3,109.5,76.7,244.5,64.0,11.3,110.0,175.375,29.3,28.9524390243902,69.9,292.916666666667,253.5,224.083333333333,43.6725,48.8,13.4486666666667,31.8,9.74,16.5483333333333,15.3,38.1058823529412,204.0,18.2,32.65,11.3,25.5375,11.95,11.2,11.15,19.3,45.25,44.46,9.99473684210526,24.1949152542373,17.6866666666667,28.1261904761905,14.2382352941176,8.78874213836478,11.6,20.4366666666667,21.45,284.5,76.5,4595.0,92.0818181818182,198.166666666667,100.75,111.5,51.8,25.2226804123711,474.545454545455,239.375,10.1,122.5,59.2823529411765,8.4,40.3,31.4166666666667,74.292,68.0275862068965,59.5590909090909,140.462962962963,114.5,59.2166666666667,37.275,132.5,20.05,8.233125,105.5,74.95,103.525641025641,82.5,618.0,286.6,505.0,227.5,130.5,114.5,274.5,243.5,37.50625,236.5,174.0,86.9,219.0,47.0,78.7,115.5,42.8125
41.5008771929825,41.0,71.8,51.1,108.5,77.5,11.85,44.925,109.0,32.1,35.85,430.5,213.0,22.75,115.5,408.0,18.114953271028,,25.15,45.0,135.5,26.25,12.25,17.0009433962264,25.0965517241379,60.6,294.5,334.0,29.1434782608696,41.2714285714286,30.65,19.95,27.9333333333333,416.5,259.5,287.5,44.525,12.0,159.5,,28.1984924623116,89.4,19.7423076923077,,333.6,265.5,24.45,17.0276785714286,131.5,38.4,19.7,21.85,70.1916666666667,24.7,236.0,151.0,25.0833333333333,51.6,87.5333333333333,206.5,60.36,109.53125,76.7,244.5,64.0,11.325,110.0,175.5,29.2821428571429,29.0124761904762,69.9,293.0,253.680555555556,224.0,43.6382352941176,48.85,13.4046875,31.8,9.75,16.5444444444444,15.3,38.1020202020202,204.0,18.2,32.7,11.3,25.55,11.95,11.2,11.15,19.3,45.25,44.4730769230769,10.0,24.1545454545454,17.6866666666667,28.13125,14.25,8.79076923076923,11.6,20.4237704918033,21.45,284.5,76.5,4595.0,92.2,198.25,100.833333333333,111.5,51.8,25.2516393442623,474.5,239.0,10.099512195122,122.0,59.2909090909091,8.41050632911393,40.3,31.4166666666667,74.292,67.9739130434783,59.6,140.190476190476,114.5,59.3433333333333,37.3,132.5,20.05,8.23116279069767,105.5,74.9,103.484848484848,82.5727272727273,618.0,286.0,505.0,227.5,130.5,114.5,274.5,244.0,37.5,236.5,174.0,86.9,219.0,47.075,78.675,115.5,42.8125
41.5086538461538,41.0,71.9333333333333,51.1,108.5,77.5,11.85,44.9411764705882,109.0,32.15,35.85,430.5,213.0,22.75,115.5,408.0,18.1016129032258,,25.15,45.0,135.5,26.25,12.25,17.0484126984127,25.1,60.6,294.5,334.0,29.15,41.2666666666667,30.65,19.95,27.9333333333333,416.5,259.5,287.5,44.55,12.0,159.5,,28.2,89.3043103448276,19.7476744186046,,333.395833333333,265.517857142857,24.45,17.0263157894737,131.0,38.4,19.7,21.85,70.025,24.7,236.0,151.0,25.1,51.6,87.6,207.5,60.3666666666667,109.533333333333,76.7,244.5,64.0,11.3,110.0,175.25,29.3,29.0805882352941,69.9035714285714,292.333333333333,254.0,223.983870967742,43.6086206896552,48.8,13.4275862068966,31.8,9.75,16.5444444444444,15.3,38.0691176470588,204.0,18.2,32.7,11.3,25.5,11.95,11.2,11.15,19.325,45.25,44.484375,9.996,24.2,17.6866666666667,28.14,14.25,8.79307692307692,11.6,20.45,21.45,284.5,76.4875,4595.0,92.1833333333333,198.15,100.833333333333,111.5,51.7,25.2636363636364,473.236842105263,239.0,10.0895833333333,122.0,59.3,8.40851351351352,40.33,31.4166666666667,74.3,68.1,59.6,140.4375,114.522727272727,59.4964285714286,37.3,132.5,20.0515151515152,8.23833333333334,105.666666666667,75.0,103.733009708738,82.5121951219512,618.0,286.0,505.0,227.5,130.586206896552,114.5,274.5,244.0,37.4989795918367,237.0,174.0,86.9,219.0,47.075,78.7826086956522,115.5,42.8
41.508,41.0058823529412,71.9333333333333,51.1,108.5,77.5,11.825,44.95,109.0,32.15,35.9,430.875,213.5,22.75,115.5,407.5,18.1,,25.15,45.0,135.5,26.25,12.25,17.05,25.05,60.6,294.0,334.0,29.1911764705882,41.2714285714286,30.65,20.0,27.9333333333333,416.5,259.5,287.5,44.55,12.0021739130435,160.0,,28.2,89.21875,19.75,,333.5,265.5,24.4142231947484,17.0121951219512,131.25,38.45,19.75,21.85,70.2333333333333,24.75,236.0,151.25,25.1,51.6,87.525,207.333333333333,60.3,109.75,76.7,244.5,64.0,11.3,110.0,175.166666666667,29.2923913043478,29.0974025974026,70.0,292.464285714286,254.020833333333,223.5,43.5441176470588,48.8,13.43,31.8,9.75153846153846,16.55,15.3,38.0760869565217,204.0,18.2,32.7,11.3,25.5,11.95,11.2,11.1883720930233,19.3,45.25,44.45,9.99,24.2,17.6866666666667,28.1142857142857,14.24,8.79,11.6,20.4090909090909,21.4142857142857,284.5,76.45,4595.0,92.1,198.3,100.833333333333,111.5,51.7888888888889,25.25,472.736842105263,238.535714285714,10.1,122.493055555556,59.3,8.42142857142857,40.3,31.4,74.3,68.1,59.65,140.5,114.5,59.7338028169014,37.2857142857143,132.5,20.0527173913044,8.2275,105.666666666667,74.9975308641975,104.066105769231,82.5125,618.0,286.0,505.0,227.5,130.992857142857,114.5,274.5,243.5,37.4642857142857,237.0,174.0,86.9,219.0,47.0,78.9571428571429,115.5,42.8
41.5038461538461,41.0,71.9333333333333,51.1,108.833333333333,77.48125,11.85,44.9958333333333,108.785714285714,32.1,35.9,430.875,213.0,22.75,115.5,407.5,18.1035714285714,,25.15,45.0,135.5,26.25,12.25,17.05,25.0666666666667,60.6,294.142857142857,334.0,29.1911764705882,41.2219101123595,30.65,19.95,27.95,416.5,259.5,287.5,44.55,12.0015873015873,159.75,,28.2,89.22,19.7553639846743,,333.5,265.5,24.4384984025559,17.0026315789474,131.428571428571,38.45,19.75,21.8458333333333,70.2,24.75,236.0,151.25,25.0840909090909,51.6666666666667,87.475,206.666666666667,60.3,109.642857142857,76.7,244.5,63.9785714285714,11.3035714285714,109.875,175.464285714286,29.3147058823529,29.1,69.9285714285714,292.25,254.0,223.5,43.4328828828829,48.7954545454545,13.4036666666667,31.8,9.77086206896552,16.5375,15.3,38.18,204.0,18.2,32.7,11.3,25.5,11.95,11.2,11.2,19.3083333333333,45.25,44.4857142857143,9.99210526315789,24.1801470588235,17.7,28.1181818181818,14.2476923076923,8.79014925373134,11.6,20.4359223300971,21.425,284.5,76.45,4595.0,92.04,198.0,100.5,111.5,51.7625,25.25,472.666666666667,238.777777777778,10.1,122.75,59.3,8.41,40.3,31.4,74.3,68.0,59.5925925925926,140.625,114.9,59.6651162790698,37.2857142857143,132.5,20.0542857142857,8.22181818181818,106.0,75.0,104.140625,82.4625,618.0,286.0,505.0,227.5,130.921428571429,114.5,274.5,243.0,37.5,237.5,173.5,86.9,219.0,47.0,78.9928571428572,116.0,42.8
41.5181818181818,41.0,71.9375,51.1,108.833333333333,77.48125,11.8083333333333,45.0053571428571,109.0,32.1,35.9487804878049,432.0,213.25,22.75,115.5,408.0,18.1090909090909,,25.15,44.96,135.5,26.25,12.25,17.05,25.09,60.6,294.25,334.0,29.2,41.1571428571429,30.65,20.0,27.95,416.5,259.5,287.5,44.55,12.0,160.0,,28.2,89.2018181818182,19.7666666666667,,333.5,265.5,24.45,17.0392857142857,131.125,38.45,19.7423076923077,21.8163043478261,70.2,24.75,236.0,151.25,25.1059523809524,51.6666666666667,87.5133333333333,206.0,60.375,109.5,76.6888888888889,244.5,63.9972222222222,11.31,110.0,175.071428571429,29.2976190476191,29.1079365079365,69.9285714285714,292.4375,254.166666666667,223.555555555556,43.455,48.75,13.4068493150685,31.8,9.745,16.5,15.3,38.2380208333333,204.0,18.2,32.7,11.3,25.5416666666667,11.95,11.2,11.2,19.3,45.203125,44.45,10.0,24.1942857142857,17.7,28.125,14.2,8.79,11.6,20.4160714285714,21.425,284.5,76.45,4595.0,92.0857142857143,198.0625,100.5,112.0,51.7875,25.2476666666667,472.357142857143,238.944444444444,10.1,122.75,59.3,8.4167,40.3,31.3958333333333,74.3,68.0,59.54,140.5,114.529411764706,59.4095238095238,37.2857142857143,132.5,20.05,8.22310679611651,106.0,74.9615384615385,104.5,82.5125,618.0,286.0,505.0,227.5,130.535714285714,114.5,274.5,243.0,37.45,237.75,173.5,86.9,219.0,47.0,78.9,116.0,42.8
41.527868852459,41.0,71.96,51.1,108.833333333333,77.48125,11.85,45.053125,109.0,32.1,36.0,432.0,213.5,22.75,115.5,408.25,18.1,,25.15,44.96,135.5,26.25,12.25,17.0433333333333,25.1,60.6,294.943636363636,334.0,29.2,41.15,30.65,19.99375,27.95,416.5,259.5,287.5,44.5444444444444,12.0,159.5,,28.2040322580645,89.2,19.75,,333.0,265.366666666667,24.45,17.0142857142857,131.0,38.45,19.7476635514019,21.85,70.1928571428572,24.75,236.0,151.25,25.1,51.825,87.4,206.45,60.3,109.530303030303,76.7,244.5,64.0058823529412,11.3,110.0,175.0,29.2913043478261,29.0049019607843,69.9,292.5,254.166666666667,223.528301886792,43.5,48.8,13.405,31.8,9.745,16.5,15.3,38.2161538461538,204.0,18.2,32.7,11.3,25.55,11.9977272727273,11.15,11.15,19.3,45.21,44.4717391304348,10.0,24.192,17.7,28.11,14.225,8.79,11.6,20.4430555555556,21.45,284.5,76.6,4600.0,92.05,198.25,100.611111111111,111.5,51.8,25.2222222222222,472.129032258065,239.0,10.1,122.625,59.3,8.40029069767442,40.3,31.35,74.3,68.0,59.6,140.5,114.5,59.2971428571429,37.2857142857143,132.5,20.0983333333333,8.22642857142857,106.0,75.0,104.075471698113,82.475,618.0,286.0,505.0,227.5,130.4375,114.5,274.5,243.045454545455,37.5,237.75,174.0,86.9,219.0,47.1,78.7,116.0,42.85
41.5088235294118,41.0,71.9,51.1,108.5,77.48125,11.85,45.0,109.0,32.1,36.0,432.0,213.033333333333,22.75,115.071428571429,409.0,18.1,,25.15,44.96,135.5,26.25,12.25,17.0013513513513,25.1,60.6,294.984042553192,334.0,29.225,41.16,30.65,20.0,27.95,416.5,259.5,287.5,44.575,12.0035211267606,160.0,,28.25,89.2255319148936,19.7857142857143,,332.516666666667,265.038461538462,24.430875,17.0294117647059,131.125,38.45,19.8,21.85,70.2,24.725,236.0,151.0,25.1,51.8,87.4,206.5,60.4,110.0,76.6166666666667,244.5,64.0058823529412,11.3,110.0,175.5,29.3,28.99921875,69.9,292.0,254.0,223.161290322581,43.5,48.8166666666667,13.4,31.8,9.745,16.5,15.3,38.1909090909091,204.0,18.2,32.7,11.3,25.55,12.0,11.15,11.15,19.3,45.2055555555556,44.5,10.0,24.2,17.7,28.1467857142857,14.2038461538462,8.7975796178344,11.6,20.4357142857143,21.4,284.5,76.6,4600.0,92.1,198.2,101.0,111.5,51.8230769230769,25.2263636363636,471.52380952381,238.857142857143,10.1,122.75,59.3,8.398125,40.3,31.4,74.3,68.0,59.6,140.142857142857,114.5,59.4233333333333,37.2857142857143,132.5,20.0966666666667,8.22197916666667,106.0,75.0,103.53125,82.4111111111111,618.0,285.5,505.0,227.5,130.5,114.5,274.5,243.0,37.45,237.75,174.0,86.9,219.0,47.0,78.6,115.5,42.8
41.5006578947369,41.0066666666667,71.9428571428572,51.2,108.5,77.4555555555556,11.85,45.0846153846154,109.0,32.1,36.0,431.0,213.0,22.7,115.071428571429,408.0,18.1,,25.15,44.96,135.5,26.25,12.2,17.0,25.1,60.6,294.857142857143,334.0,29.25,41.1861111111111,30.65,19.975,27.95,416.5,259.5,287.5,44.5134615384615,12.0,159.833333333333,,28.309012345679,89.2147540983606,19.7794117647059,,332.510638297872,265.125,24.45,17.0454545454545,131.0,38.45,19.8,21.83,70.2,24.75,236.0,151.0,25.1,51.8,87.4,207.0,60.375,110.0,76.7,244.5,64.0,11.3,109.928571428571,175.5,29.3,29.0269230769231,69.9,291.785714285714,254.0,223.54347826087,43.55,48.8166666666667,13.4006912442396,31.75,9.75,16.5,15.3,38.1173913043478,204.0,18.25,32.7,11.35,25.5375,12.0,11.15,11.15,19.3,45.2055555555556,44.4833333333333,10.0,24.195652173913,17.7,28.1016666666667,14.225,8.79480769230769,11.6,20.4215517241379,21.45,284.5,76.6,4600.0,92.1,198.25,100.65,111.5,51.9,25.2085365853659,471.678571428571,239.0,10.0789473684211,122.75,59.3,8.39862068965517,40.3,31.4,74.3,68.0,59.6,140.472222222222,114.25,59.7120689655172,37.2857142857143,132.5,20.0694444444444,8.22954545454546,105.5,74.9909090909091,103.492366412214,82.4,618.0,285.5,505.0,227.5,130.5,114.5,274.5,243.0,37.45,237.75,173.75,86.9,219.0,47.0,78.55,115.5,42.8
41.5024193548387,41.0388888888889,71.9,51.2,108.5,77.4,11.85,45.0382352941176,108.714285714286,32.1,36.0,431.0,213.0,22.7,115.071428571429,408.0,18.1,,25.15,44.96,135.5,26.25,12.2,17.03125,25.0583333333333,60.6,294.5,334.0,29.225,41.15,30.65,20.0,27.95,416.5,259.5,287.5,44.55,12.0039568345324,160.0,,28.3136842105263,89.205376344086,19.7913793103448,,332.576923076923,265.504777070064,24.4516042780749,17.0451086956522,131.0,38.45,19.8,21.8037878787879,70.0777777777778,24.75,236.0,151.0,25.1,51.8,87.4,206.5,60.3,109.5,76.64,244.5,64.0,11.3,110.0,175.5,29.2588235294118,29.0686274509804,69.85,291.5,254.25,224.0,43.57,48.8,13.399609375,31.75,9.75,16.45,15.2571428571429,38.1326086956522,204.0,18.25,32.65,11.35,25.525,11.9581081081081,11.15,11.2,19.3394736842105,45.2435897435898,44.4909090909091,10.0,24.1935897435897,17.7,28.1416666666667,14.2,8.79045845272206,11.6,20.4233333333333,21.45,284.5,76.6,4600.0,92.1,198.333333333333,100.65,111.5,51.9,25.2125,471.5,238.555555555556,10.05,122.8,59.3,8.396,40.2884615384615,31.4,74.3,68.0,59.5857142857143,140.5,114.5,59.7775641025641,37.2857142857143,132.5,20.0666666666667,8.23,105.875,74.9857142857143,103.5,82.4,618.0,285.5,505.0,227.5,130.5,114.5,274.5,243.0,37.45,237.5,174.0,86.9,219.5,47.0,78.5,115.5,42.8
41.5017361111111,41.05,71.9,51.2,108.5,77.4,11.85,45.01,109.0,32.1,36.0,431.0,213.0,22.7,115.071428571429,408.0,18.0903945111492,,25.15,44.96,135.5,26.25,12.2,17.0,25.0583333333333,60.6,294.75,334.0,29.2375,41.1714285714286,30.6,20.0,27.95,416.5,259.5,287.5,44.55,12.0,160.0,,28.2967905405405,89.1837837837838,19.8,,333.0,265.605769230769,24.4581447963801,17.0493827160494,131.181818181818,38.45,19.8,21.8469230769231,70.03125,24.7,235.772727272727,151.0,25.1,51.8,87.3375,206.8,60.3444444444444,109.607142857143,76.6090909090909,244.5,64.0,11.3,109.916666666667,175.386363636364,29.3,29.1603040540541,69.85,291.5,254.0,224.0,43.5958333333333,48.8,13.3959459459459,31.8,9.75,16.45,15.25,38.15,204.0,18.2,32.7,11.3,25.55,12.0,11.15,11.2,19.3,45.25,44.4642857142857,10.0,24.1638888888889,17.7,28.11,14.2357142857143,8.79,11.6,20.4073394495413,21.4,284.5,76.625,4595.0,92.1,198.25,100.5,111.5,51.9,25.2409090909091,471.5,238.6,10.1,122.730769230769,59.3,8.39536585365854,40.25,31.4,74.3,67.9,59.5117647058824,140.5,114.2,59.8127659574468,37.2857142857143,132.5,20.0801587301587,8.23,106.0,75.0,103.682926829268,82.4,618.0,285.75,505.0,227.5,130.5,114.5,274.5,243.0,37.45,237.5,174.0,86.9,219.0,47.075,78.6,115.5,42.8
41.5159090909091,41.0659090909091,71.9,51.2,108.5,77.3813333333333,11.8375,45.0272727272727,109.0,32.1,36.0,431.0,213.0,22.75,115.071428571429,408.0,18.0517857142857,,25.15,44.96,135.5,26.25,12.2,17.002380952381,25.1,60.6,295.0,334.0,29.25,41.1625,30.6,20.0,27.95,416.5,259.5,287.25,44.55,12.0,159.909090909091,,28.265625,89.1990990990991,19.7990566037736,,332.428571428571,265.5,24.4868055555556,17.0488888888889,131.285714285714,38.45,19.8,21.7588607594937,70.1,24.71,236.0,151.5,25.1,51.9,87.3571428571429,206.6,60.3882352941176,109.8125,76.6,244.333333333333,64.02,11.25,110.0,175.5,29.2625,29.2141509433962,69.85,291.2,253.9,223.5,43.6,48.8,13.3963087248322,31.8,9.75,16.45,15.2735294117647,38.1473214285714,204.0,18.25,32.75,11.3,25.5166666666667,12.0,11.15,11.2,19.30625,45.2222222222222,44.45,10.0138888888889,24.196875,17.6916666666667,28.1481382978723,14.2493197278912,8.7889497716895,11.64,20.4021739130435,21.45,284.5,76.5,4595.0,92.0,198.4,100.5,111.5,51.8153846153846,25.25,470.9375,238.411764705882,10.0990196078431,122.5,59.3,8.38710382513661,40.25,31.4,74.3,68.0,59.5923076923077,140.3,114.238095238095,59.5444444444445,37.2857142857143,132.333333333333,20.05,8.22916666666667,106.0,75.0,103.5,82.3,618.0,285.5,505.0,227.5,130.5,114.5,274.5,243.0,37.4,237.5,174.0,86.9,219.0,47.1,78.5,115.5,42.8
41.5203125,41.05,71.9,51.2,108.666666666667,77.2378378378378,11.85,45.0,109.0,32.1,36.0,431.0,212.5,22.8080213903743,115.071428571429,408.0,18.0507142857143,,25.15,44.95,135.5,26.25,12.2,17.0022727272727,25.0875,60.6,295.411111111111,334.0,29.25,41.1833333333333,30.6,20.0,27.95,416.5,259.5,287.25,44.5375,12.0,160.0,,28.2537037037037,89.2421052631579,19.75,,332.5,265.5,24.4634146341463,17.05,131.0,38.45,19.8,21.75,70.1,24.71,236.0,151.5,25.1166666666667,51.9,87.4,206.375,60.3571428571428,109.00234741784,76.6,244.333333333333,64.025,11.25,110.0,175.454545454545,29.25,29.2185897435897,69.85,291.0,253.9,223.566666666667,43.6,48.8,13.35,31.8,9.75,16.48,15.2735294117647,38.16875,204.0,18.25,32.75,11.325,25.5234375,11.95,11.15,11.2,19.30625,45.2346153846154,44.4971428571429,10.0,24.19,17.6916666666667,28.1435483870968,14.25,8.79,11.6,20.45,21.45,284.5,76.5,4595.0,92.0,198.25,100.5,111.5,51.8,25.2115384615385,470.52380952381,238.1,10.0536764705882,122.529411764706,59.3,8.37682926829268,40.25,31.4,74.3,68.0,59.6,140.46875,114.479166666667,59.44,37.2857142857143,131.9375,20.05,8.23,106.0,75.0,103.368421052632,82.2736842105263,618.0,285.5,505.0,227.5,130.5,114.5,274.5,243.0,37.45,237.5,174.0,86.9,219.0,47.0,78.5666666666667,115.583333333333,42.8
41.5,41.05,71.9333333333333,51.1,108.5,77.2,11.8,45.0125,108.833333333333,32.1,36.0,431.0,212.5,22.8388888888889,115.071428571429,408.0,18.0863636363636,,25.15,45.0,135.5,26.25,12.25,17.0,25.0666666666667,60.6,295.5,334.0,29.25,41.16875,30.6,20.0,27.95,416.5,259.5,287.25,44.5125,12.0,160.059523809524,,28.25,89.1904347826087,19.75,,332.035714285714,265.5,24.4642307692308,17.0426315789474,131.0,38.45,19.75,21.7891891891892,70.08,24.7333333333333,236.0,151.5,25.1589743589744,51.7,87.4,206.5,60.3,109.0,76.6,244.333333333333,64.0777777777778,11.2984615384615,110.0,175.363636363636,29.25,29.2016806722689,69.85,291.0,253.9,223.5,43.58125,48.8,13.3741379310345,31.8,9.75,16.48,15.25,38.1491379310345,204.0,18.25,32.75,11.3,25.5,11.9772727272727,11.15,11.2,19.3,45.25,44.475,10.0,24.1972222222222,17.7,28.1363636363636,14.2494565217391,8.795,11.6,20.4119047619048,21.4,284.0,76.5,4590.0,92.0052631578947,198.318181818182,100.5,111.5,51.7142857142857,25.2153846153846,470.928571428571,238.0,10.095,122.5,59.3,8.3695,40.25,31.4,74.3,68.0,59.6,140.5,114.4375,59.58,37.2857142857143,131.9375,20.0666666666667,8.23,106.0,74.8565789473684,103.5,82.178947368421,618.0,285.5,505.0,227.5,131.0,114.5,274.5,243.0,37.4,237.5,174.0,86.9,219.5,47.0,78.5625,115.583333333333,42.8
41.5065789473684,41.05,71.91,51.1,108.5,77.3,11.84,45.0,109.0,32.1692708333333,36.0,431.0,212.5,22.85,115.5,408.0,18.0525773195876,,25.15,45.0,135.5,26.25,12.25,17.0166666666667,25.0666666666667,60.5444444444445,295.5,334.0,29.2,41.191935483871,30.6,20.025,27.95,416.5,259.5,287.0,44.5333333333333,12.0021231422505,160.269230769231,,28.2388888888889,89.1,19.7631578947368,,331.845238095238,265.5,24.4501474926254,17.0490066225166,131.0,38.45,19.75,21.8,70.1,24.75,236.0,151.5,25.1966666666667,51.7,87.2076923076923,206.0,60.3,109.004347826087,76.6,244.5,64.0,11.3,110.0,175.0,29.25,29.2038167938931,69.85,290.666666666667,253.5,223.277777777778,43.5805555555556,48.8,13.3685714285714,31.8,9.75,16.5,15.25,38.1655555555556,204.0,18.25,32.75,11.3,25.5,11.9772727272727,11.15,11.175,19.3047619047619,45.25,44.46,10.0,24.1916666666667,17.7,28.1496062992126,14.2498511904762,8.79023529411765,11.6083333333333,20.45,21.4092105263158,284.25,76.7,4581.25,92.0911111111111,198.3,100.833333333333,111.5,51.7,25.2023255813954,471.0,237.575,10.0924242424242,122.5,59.4,8.35782608695652,40.25,31.4,74.3,68.0,59.5,140.5,114.02380952381,59.4735294117647,37.2857142857143,131.833333333333,20.0510869565217,8.23156862745098,105.5,74.7822580645161,103.5,82.1833333333333,618.0,285.5,505.0,227.5,130.676470588235,114.5,274.5,243.125,37.4,237.5,174.0,86.9,219.5,47.0,78.6705882352941,115.583333333333,42.8
41.5086956521739,41.0352941176471,71.91,51.1,109.0,77.2,11.84,45.0,109.0,32.2727272727273,35.95,431.0,212.5,22.9,115.5,408.0,18.05625,,25.15,45.0,135.5,26.25,12.25,17.0,25.0666666666667,60.6,295.071428571429,334.0,29.2,41.15,30.6,20.0,27.95,416.5,259.5,287.0,44.55,12.0,159.666666666667,,28.1989010989011,89.0054054054054,19.7727272727273,,331.104838709677,265.553571428571,24.445652173913,17.05,131.0,38.45,19.75,21.775,70.1,24.75,236.0,151.5,25.1886363636364,51.7,87.15,206.5,60.2230769230769,108.5,76.6,244.5,64.0,11.2968085106383,110.0,175.25,29.2270642201835,29.182,69.8,290.5,254.0,223.0,43.5982142857143,48.8,13.3988789237668,31.8,9.75,16.49,15.25625,38.1130434782609,204.0,18.2,32.75,11.3,25.5,11.9772727272727,11.15,11.2,19.3,45.25,44.45,10.0,24.17,17.7,28.10625,14.25,8.79863636363636,11.6,20.425,21.4,284.5,76.7,4580.0,92.0923076923077,198.166666666667,100.833333333333,111.5,51.7076923076923,25.2181818181818,472.0,237.5,10.0540650406504,122.795454545455,59.4,8.36133333333333,40.25,31.4,74.3,67.9,59.4978260869565,140.909090909091,113.990384615385,59.4590909090909,37.2857142857143,132.0,20.0530303030303,8.22030434782609,106.0,74.7822580645161,103.5,82.2,618.0,285.0,505.0,227.5,130.980769230769,114.5,274.5,243.0,37.4,237.5,174.0,86.9,219.25,47.0,78.85,115.583333333333,42.8
41.5132352941176,41.0,71.9,51.1,108.5,77.225,11.85,45.002,109.0,32.255,35.95,432.0,212.5,22.9,115.5,408.0,18.090625,,25.15,44.95,135.5,26.25,12.25,17.003125,25.08,60.6,294.875,334.0,29.25,41.2,30.6,20.0,27.95,416.5,259.5,287.0,44.525,12.0105485232067,160.0,,28.1489130434783,89.0,19.765,,331.051282051282,265.119047619048,24.45025,17.0481308411215,130.818181818182,38.45,19.75,21.75,70.1727272727273,24.75,236.0,151.5,25.2,51.7,87.25,206.409090909091,60.2444444444445,108.519230769231,76.6,244.5,64.0027777777778,11.2555084745763,110.0,175.3,29.2258064516129,29.1637931034483,69.8,290.5,253.583333333333,223.0,43.5694915254237,48.8,13.389010989011,31.8,9.7475,16.49,15.2759868421053,38.0888888888889,204.0,18.2,32.7,11.3,25.55,11.9641025641026,11.2,11.2,19.3,45.3,44.4541666666667,10.0,24.1923076923077,17.7,28.115,14.25,8.79,11.6277777777778,20.4057692307692,21.4,284.5,76.6625,4570.0,92.0,198.214285714286,100.5,111.5,51.7,25.2,471.55,237.5,10.05,122.75,59.3,8.36,40.201282051282,31.375,74.3,67.9,59.4625,140.583333333333,113.583333333333,59.5,37.2857142857143,132.0,20.05,8.21607594936709,105.666666666667,74.7,103.5,82.1,618.0,285.0,505.0,227.5,130.5,114.5,274.5,243.0,37.45,237.5,174.0,86.9,219.6,47.15,78.8625,115.583333333333,42.8
41.505985915493,41.0071428571429,71.95,51.1,108.5,77.2603174603175,11.85,45.0,109.0,32.2993902439024,35.95,432.0,212.5,22.875,115.5,408.0,18.0903846153846,,25.15,44.95,135.5,26.25,12.25,17.0,25.05,60.6,294.5,333.5,29.25,41.15,30.6,20.0,27.95,416.5,259.5,287.0,44.55,12.0,159.65625,,28.1012345679012,88.9,19.8,,331.5,265.027777777778,24.4620786516854,17.05,130.6,38.45,19.75,21.75,70.1636363636364,24.75,236.0,151.5,25.209375,51.7,87.3,206.4375,60.2,108.46875,76.6,244.0,64.0558139534884,11.2875,109.928571428571,175.5,29.1563535911602,29.1989795918367,69.8,290.5,253.5,223.361111111111,43.5,48.8,13.3858974358974,31.8,9.7475,16.49,15.275,38.05,204.0,18.2,32.7,11.3,25.5,12.0,11.2,11.2,19.3,45.3,44.4541666666667,10.01,24.195,17.7,28.1083333333333,14.25,8.7908064516129,11.6277777777778,20.45,21.40625,284.5,76.6625,4570.0,91.9,198.375,100.722222222222,111.5,51.7,25.2,471.083333333333,237.5,10.05,122.6,59.3,8.37,40.2,31.375,74.3,67.8,59.4,140.980769230769,113.5,59.3521739130435,37.2857142857143,132.0,20.0730769230769,8.20210603829161,105.5,74.79375,103.5,82.1,618.0,285.0,505.0,227.2,130.304347826087,114.5,274.5,243.0,37.45,237.5,174.0,86.9,219.875,47.0,78.8,115.583333333333,42.8
41.5181818181818,41.0222222222222,71.9357142857143,51.2,108.5,77.2,11.8497630331754,45.0,108.85,32.3315789473684,35.9666666666667,431.0,212.5,22.85,115.5,408.0,18.0934911242604,,25.15,44.95,135.5,26.3333333333333,12.25,17.0,25.1,60.6,294.6,334.0,29.25,41.1777777777778,30.6,20.0,27.95,416.5,259.5,287.0,44.55,12.0,160.0,,28.1188405797101,88.8778606965174,19.75,,331.008620689655,265.0,24.4324242424242,17.05,130.5,38.45,19.7428571428571,21.75,70.0666666666667,24.7075,235.5,151.5,25.2,51.7,87.25,206.0,60.2,108.51724137931,76.5933333333333,244.0,64.0,11.2916666666667,110.0,175.0,29.1472222222222,29.1846153846154,69.8,290.7,253.5,223.58064516129,43.4967741935484,48.8,13.3585106382979,31.8,9.75,16.45,15.25,38.0722222222222,204.0,18.2,32.75,11.3,25.55,12.0,11.2,11.1916666666667,19.325,45.25,44.45,10.0,24.1555555555556,17.7,28.1048387096774,14.25,8.79602272727273,11.6,20.4473684210526,21.425,284.5,76.6625,4578.33333333333,91.8857142857143,198.285714285714,100.722222222222,112.0,51.65,25.23,470.8,237.5,10.0708333333333,122.5,59.325,8.36333333333333,40.2,31.375,74.3,67.8,59.3,140.6,113.420792079208,59.33,37.2857142857143,131.5,20.0785714285714,8.18435233160622,105.954545454545,74.8875,102.997722095672,82.1,618.0,285.0,505.0,226.810344827586,130.0,114.5,274.5,243.0,37.45,237.0,174.0,86.9,219.5,47.05,78.7,115.583333333333,42.8
41.5009615384615,41.0446808510638,71.9333333333333,51.2,108.5,77.2897435897436,11.85,45.0,109.0,32.3532467532468,35.9666666666667,431.0,212.5,22.85,115.5,408.0,18.1,,25.15,44.95,135.5,26.3333333333333,12.25,17.0,25.1,60.6,295.0,334.0,29.25,41.0801408450704,30.6,20.0,27.95,416.5,259.5,287.0,44.525,12.0,159.5625,,28.15,88.8,19.75,,331.0,265.0,24.4415730337079,17.05,130.5,38.45,19.75,21.7833333333333,70.0,24.75,235.717391304348,152.0,25.1975,51.7,87.3,206.0,60.2,108.5,76.5875,244.0,63.9428571428571,11.2941176470588,110.0,175.25,29.0976,29.155,69.8,290.833333333333,253.5,223.5,43.4239130434783,48.7103448275862,13.3504672897196,31.7625,9.74090909090909,16.448,15.25,38.05,204.0,18.2428571428571,32.75,11.3,25.5,12.0,11.2,11.1916666666667,19.3,45.2083333333333,44.48,10.0,24.1888888888889,17.65,28.1421052631579,14.25,8.79,11.6,20.4092592592593,21.4,284.5,76.6625,4578.33333333333,91.8857142857143,198.1875,100.722222222222,111.5,51.6333333333333,25.2,470.5,237.5,10.0763157894737,122.5,59.3,8.36,40.2,31.375,74.3,67.8,59.3545454545455,140.833333333333,113.0,59.3333333333333,37.2857142857143,131.5,20.05,8.1812037037037,105.666666666667,74.8875,102.5,82.0916666666667,618.0,285.0,505.0,226.5,130.045454545455,114.5,274.5,243.0,37.45,237.0,174.0,86.9,219.5,47.0,78.73,115.583333333333,42.8
41.5102564102564,41.025,71.9,51.1803921568627,108.777777777778,77.3,11.85,45.0,109.0,32.35,35.9666666666667,431.0,212.5,22.85,115.5,407.75,18.1258968609865,,25.15,44.95,135.5,26.3333333333333,12.25,17.0,25.0985436893204,60.6,294.979591836735,334.0,29.25,41.1,30.6,19.95,27.95,416.5,259.5,287.0,44.525,12.0,159.833333333333,,28.15,88.7674157303371,19.75,,331.0,265.010638297872,24.4205882352941,17.0466887417219,130.642857142857,38.45,19.75,21.75,70.0,24.75,235.5,152.0,25.15,51.75,87.3,206.704545454545,60.2833333333333,108.5,76.59,244.0,63.9333333333333,11.25,110.0,175.0,29.0502551020408,29.1507936507937,69.8,291.0,253.5,223.375,43.45,48.6926829268293,13.3517857142857,31.7625,9.74090909090909,16.4,15.275,38.05,204.0,18.2428571428571,32.7,11.3,25.5490384615385,12.0,11.2,11.15,19.3130434782609,45.2083333333333,44.45,10.0,24.15,17.65,28.1357142857143,14.25,8.79,11.6,20.45,21.406976744186,284.5,76.6625,4578.33333333333,92.0,198.185185185185,100.722222222222,111.5,51.6,25.1821138211382,470.5,237.84375,10.05,122.469387755102,59.3,8.35606557377049,40.2,31.375,74.3,67.7,59.3,141.0,113.004464285714,59.3,37.2857142857143,131.5,20.05,8.1965,105.5,74.9,102.512820512821,82.2,618.0,285.0,505.0,226.4375,130.045454545455,114.5,274.5,243.0,37.45,237.0,173.525,86.9,219.5,47.0,78.7,115.583333333333,42.8
41.5427536231884,41.05,71.9,51.2,108.5,77.3,11.8,44.95,109.0,32.35,35.9666666666667,431.0,212.5,22.85,115.5,407.75,18.15,,25.15,44.95,135.5,26.3333333333333,12.25,17.0,25.1,60.6,294.977272727273,334.0,29.25,41.1441176470588,30.6,19.95,27.95,416.5,259.5,287.0,44.55,12.0,159.571428571429,,28.13828125,88.7,19.7,,330.848484848485,265.0,24.4,17.0217391304348,130.7,38.5,19.75,21.75,70.0,24.7008064516129,235.5,151.5,25.15,51.7,87.2428571428571,206.590909090909,60.2,108.5,76.6,244.0,63.95,11.2775,109.944444444444,174.5,29.0515151515152,29.2061764705882,69.8,291.0,253.125,223.03125,43.475,48.65,13.3833333333333,31.75,9.74970588235294,16.4,15.25,38.05,204.0,18.2,32.7,11.3,25.5333333333333,11.99,11.2,11.16875,19.30625,45.2,44.45,10.0,24.1526315789474,17.65,28.1055555555556,14.25,8.7868,11.6,20.4322222222222,21.402380952381,284.5,76.6625,4575.0,91.9,198.090909090909,100.722222222222,111.5,51.6,25.1653333333333,470.208333333333,238.03125,10.05,122.5,59.3,8.34984615384615,40.18125,31.4,74.2976190476191,67.7,59.3125,140.833333333333,112.557142857143,59.3153846153846,37.2857142857143,131.5,20.05,8.19,105.5,74.9,102.958333333333,82.2166666666667,618.0,285.0,505.0,225.97619047619,130.045454545455,114.5,274.5,243.071428571429,37.4,237.0,173.045454545455,86.9,219.75,47.1,78.6,115.583333333333,42.8
41.5313953488372,41.0611111111111,71.9,51.2,108.5,77.3,11.8,44.925,108.75,32.3,35.9666666666667,431.0,213.0,22.8516129032258,115.5,407.75,18.10349002849,,25.15,44.95,135.5,26.3333333333333,12.25,17.0024390243902,25.0833333333333,60.7,295.0,333.75,29.25,41.15,30.6,19.95,27.95,416.5,259.5,286.666666666667,44.54,11.9990418118467,159.75,,28.1015625,88.71,19.7111111111111,,330.580882352941,265.096774193548,24.3851111111111,17.0,130.625,38.5,19.75,21.75,70.0,24.7,235.5,151.5,25.15,51.7,87.3,206.435483870968,60.2,108.5,76.6,244.0,63.9,11.3,110.0,174.5,29.0907216494845,29.2914691943128,69.8,291.0,253.0,223.1,43.5,48.65,13.3711111111111,31.7722222222222,9.74970588235294,16.4,15.25,38.0543103448276,204.0,18.2,32.75,11.3,25.5461538461538,12.0,11.2,11.15,19.3,45.2,44.4642857142857,10.0041666666667,24.1907407407407,17.65,28.1,14.275,8.78955555555556,11.6,20.4444444444444,21.4,284.5,76.6625,4575.0,91.98,198.166666666667,100.5,111.5,51.6545454545455,25.1517857142857,470.4375,238.1,10.05,122.333333333333,59.2,8.341,40.1636363636364,31.4,74.3,67.6,59.3,140.5,112.5,59.36,37.3,131.5,20.05,8.18489795918367,105.5,74.85,102.7,82.1,618.0,285.0,505.0,225.5,130.0,114.5,274.5,243.0,37.4,237.0,173.0,86.9,219.15625,47.0,78.6,115.583333333333,42.8
41.5046511627907,41.0113636363636,71.9,51.2,108.5,77.3,11.85,44.9526315789474,109.0,32.3,35.9666666666667,431.0,212.5,22.85,115.5,407.5,18.099375,,25.15,44.975,135.5,26.35,12.2916666666667,17.0,25.0630434782609,60.7,295.045454545455,333.75,29.25,41.15,30.6,19.9508196721311,27.95,416.5,259.5,286.5,44.55,11.95,160.0,,28.1,88.7777777777778,19.7125,,330.928571428571,265.033333333333,24.35,17.0,130.5,38.5,19.75,21.75,69.88,24.7,235.5,152.0,25.15,51.7,87.275,206.0,60.2,108.5,76.6,244.0,63.95,11.25,110.0,174.571428571429,29.1354838709678,29.3574380165289,69.9,290.5,253.0,223.3,43.4826086956522,48.7,13.36,31.75,9.75,16.4986111111111,15.252380952381,38.0181818181818,204.0,18.2,32.75,11.35,25.5454545454546,11.955,11.2,11.15,19.31,45.2,44.45,10.0444444444444,24.1944444444444,17.65,28.1,14.25,8.79920265780731,11.6,20.41,21.4,284.0,76.5,4575.0,91.8666666666667,197.888888888889,100.3,111.5,51.65,25.165,469.825842696629,237.866666666667,10.0545454545455,122.5,59.1953488372093,8.3474,40.15,31.4,74.3,67.6,59.2730769230769,140.75,112.6,59.5616666666667,37.325,131.5,20.0833333333333,8.16668674698795,105.5625,74.85,102.928571428571,82.2285714285714,618.0,285.0,505.0,225.5,130.318181818182,114.5,274.5,243.0,37.4,237.0,172.75,86.9,219.0,47.0,78.6,115.583333333333,42.8
41.5084905660377,41.0357142857143,71.9,51.1,108.5,77.4,11.85,44.9,109.0,32.3,35.9666666666667,431.0,212.5,22.8,115.5,407.5,18.1,,25.15,44.975,135.5,26.35,12.25,17.025,25.0785714285714,60.7,295.0,333.75,29.25,41.16,30.6,19.955,27.95,416.0,259.5,286.5,44.55,11.9788888888889,159.833333333333,,28.0712389380531,88.7538461538462,19.7125,,331.0,265.185185185185,24.3080845771144,17.003125,130.333333333333,38.475,19.75,21.75,69.9,24.6886956521739,235.5,151.5,25.15,51.7,87.3,206.0,60.175,108.525,76.6,244.0,63.9,11.275,110.0,175.0,29.2109375,29.3426966292135,69.9,290.538461538462,253.3125,223.272727272727,43.4073529411765,48.7,13.3702702702703,31.75,9.75,16.5,15.2932098765432,38.0342105263158,204.0,18.2,32.75,11.3458333333333,25.55,11.975,11.2,11.15,19.3,45.2,44.45,10.0,24.1833333333333,17.696875,28.1,14.2954545454545,8.79102678571428,11.6,20.415,21.4020833333333,284.0,76.5,4575.0,91.747619047619,198.0,100.0,111.5,51.6214285714286,25.15625,468.0,237.5,10.065,122.1,59.1,8.35032258064516,40.1425,31.4,74.2,67.6,59.2166666666667,140.857142857143,112.760416666667,59.6,37.325,131.5,20.05,8.16,105.5,74.9,102.857142857143,82.2285714285714,618.0,285.0,505.0,225.5,130.0,114.5,274.5,243.0,37.4,237.0,173.5,86.9,219.0,47.0,78.6,116.0,42.775
41.5015873015873,41.05,71.9076923076923,51.1,108.5,77.4,11.85,44.9133333333333,109.0,32.3,35.9666666666667,431.0,212.5,22.8,115.5,407.5,18.1091743119266,,25.15,44.975,135.5,26.35,12.3,17.0,25.0730769230769,60.7,295.0,333.666666666667,29.2,41.15,30.575,19.95,27.95,416.0,259.5,286.5,44.5833333333333,11.95,159.5,,28.0847457627119,88.7,19.7444444444444,,331.125,265.039603960396,24.3,17.0357142857143,130.2,38.475,19.7,21.75,70.0,24.6625,235.5,151.5,25.15,51.8,87.3,206.0,60.12,108.928571428571,76.5666666666667,244.0,63.91,11.3,109.916666666667,174.5,29.1926829268293,29.322,69.9,290.4,253.0,223.03125,43.4,48.7,13.3506172839506,31.75,9.75,16.49,15.2529411764706,38.0066666666667,204.0,18.2,32.75,11.3,25.55,11.95,11.2,11.15,19.3,45.2045454545455,44.45,10.0,24.1877358490566,17.675,28.125,14.25,8.79407407407407,11.6,20.4078125,21.4,284.0,76.5,4575.0,91.6125,198.076923076923,100.25,111.5,51.6,25.15,469.05,237.4,10.1,122.052631578947,59.2,8.35,40.1111111111111,31.4,74.2,67.9,59.2,140.5,113.375,59.6,37.325,131.5,20.05,8.1695,105.666666666667,74.9,103.014150943396,82.26,618.0,285.0,505.0,225.5,130.0,114.5,274.5,243.0,37.4,237.5,173.5,86.9,218.5,47.0,78.6,116.0,42.775
41.5048780487805,41.0333333333333,71.8,51.1,108.5,77.4,11.8480769230769,44.8642857142857,109.0,32.3,35.95,431.0,212.5,22.8,115.5,407.5,18.1125,,25.15,44.975,135.5,26.35,12.3,17.04,25.05,60.7,295.48347107438,334.0,29.2,41.15,30.575,19.95,28.0,416.0,259.5,286.5,44.55,11.95,159.833333333333,,28.05,88.7947204968944,19.75,,331.388888888889,265.09756097561,24.2910562180579,17.0,130.125,38.45,19.7,21.7375,70.0,24.6625,235.5,151.0,25.15,51.7,87.2333333333333,206.5,60.1333333333333,108.544117647059,76.525,243.5,63.9,11.275,109.944444444444,174.5,29.1884615384615,29.3217948717949,69.9,290.25,252.923469387755,223.0,43.4236111111111,48.7,13.368253968254,31.75,9.75,16.49,15.2518867924528,38.0041666666667,204.0,18.2,32.75,11.3,25.55,11.95,11.15,11.15,19.3456790123457,45.2045454545455,44.45,10.0,24.1882352941176,17.7,28.1,14.25,8.7946511627907,11.6,20.45,21.4,284.0,76.5,4575.0,91.6055555555556,198.5,100.380952380952,111.5,51.6,25.15,469.708333333333,237.010638297872,10.1,122.25,59.1125,8.35,40.1434782608696,31.35,74.2,67.9,59.2,140.7,113.5,59.6,37.325,131.5,20.0651515151515,8.17246575342466,105.5,74.8746478873239,103.018181818182,82.2,618.0,285.0,505.0,226.0,130.0,114.5,274.5,243.0,37.39375,237.5,173.5,86.8,218.5,47.075,78.6,116.0,42.8
41.5,41.0,71.8,51.1,108.5,77.4,11.825,44.8375,108.8125,32.348275862069,35.95,431.5,212.5,22.8,115.5,407.5,18.1058823529412,,25.15,44.975,135.5,26.35,12.3,17.0454545454545,25.05,60.7,295.027777777778,333.666666666667,29.2,41.15,30.575,19.95,27.9954545454545,416.0,259.5,286.5,44.5833333333333,11.9566666666667,159.8,,28.085,88.8614035087719,19.75,,331.25,265.489898989899,24.252755267423,17.0258620689655,130.411764705882,38.45,19.7,21.75,70.0,24.6625,235.0,151.0,25.15,51.8,87.2,206.0,60.1083333333333,108.558823529412,76.6,243.5,63.9,11.25,110.0,174.5,29.2058823529412,29.3421052631579,69.9,290.125,252.666666666667,222.660194174757,43.4,48.7,13.3802325581395,31.75,9.75,16.4430434782609,15.2552631578947,38.0029411764706,204.5,18.2,32.7,11.35,25.5502617801047,11.99375,11.15,11.15,19.3,45.2030555555556,44.45,10.0131578947368,24.1958333333333,17.65,28.1,14.25,8.79,11.6,20.4349056603774,21.4,284.0,76.5,4575.0,91.8,198.444444444444,100.0,111.5,51.6,25.15,470.34375,237.0,10.1,122.5,59.1,8.35,40.15,31.35,74.2,67.9,59.1853448275862,140.5,113.454545454545,59.9142857142857,37.3,131.5,20.0666666666667,8.17853658536585,105.5,74.8746478873239,102.954545454545,82.1833333333333,619.4,285.0,505.0,226.0,130.0,114.5,274.5,243.0,37.35,237.5,173.5,86.8,219.166666666667,47.075,78.7,116.0,42.8
41.4522857142857,41.0,71.8666666666667,51.1,108.5,77.4,11.8,44.8,109.0,32.3,35.95,430.3,212.5,22.8,115.5,407.5,18.1205128205128,,25.15,45.0,135.5,26.35,12.3,17.05,25.075,60.7,295.020833333333,334.0,29.2045454545454,41.1485294117647,30.575,19.95,27.9954545454545,416.0,259.5,286.5,44.5833333333333,11.95,159.8,,28.0842105263158,88.8375,19.745,,331.0,265.487704918033,24.2545766590389,17.0,130.06,38.45,19.7,21.75,70.0,24.6867647058824,235.0,151.0,25.15,51.8,87.2,206.125,60.1,108.5,76.6,243.5,63.95,11.2596153846154,110.0,174.5,29.205,29.327,69.9,289.872881355932,252.470588235294,222.5,43.4916666666667,48.6666666666667,13.35,31.75,9.75,16.45,15.2545454545455,38.0115384615385,204.5,18.2,32.7,11.35,25.5666666666667,11.971875,11.15,11.15,19.3,45.2030555555556,44.45,10.0,24.196062992126,17.65,28.1354166666667,14.26015625,8.80315209404849,11.6,20.45,21.4,284.5,76.5,4575.0,91.8,198.125,100.0,111.5,51.6984126984127,25.106976744186,472.185714285714,237.0,10.0978260869565,122.5,59.2,8.35,40.15,31.35,74.2,67.85,59.125,140.5,113.458333333333,59.8388888888889,37.3,131.5,20.05,8.18,105.5,74.8,103.0,82.1875,619.4,285.0,505.0,226.5,130.0,114.5,274.5,243.0,37.35,237.5,172.833333333333,86.8,219.166666666667,47.075,78.7,116.0,42.8
41.4386567164179,41.0034482758621,71.8,51.1,108.5,77.4,11.8,44.8125,109.0,32.3,35.95,430.0,212.5,22.8,115.5,407.5,18.1333333333333,,25.2,45.0,135.5,26.35,12.3,17.0948275862069,25.06,60.7,295.0,334.0,29.2045454545454,41.11,30.575,19.95,27.9954545454545,416.0,259.5,286.5,44.5833333333333,11.95,159.5,,28.078125,88.8872483221477,19.75,,330.904761904762,265.76,24.2071513002364,17.0314285714286,129.785714285714,38.45,19.7,21.75,70.0,24.6982142857143,235.0,151.0,25.2,51.8,87.2,206.125,60.15,108.5,76.6,243.0,63.9,11.2625,110.0,174.5,29.2353448275862,29.3145833333333,69.9,289.5,252.5,222.0546875,43.4833333333333,48.6625,13.3692307692308,31.8,9.74785714285714,16.425,15.25,38.043,204.5,18.2461538461538,32.7,11.3,25.55,11.9592592592593,11.15,11.15,19.3,45.2030555555556,44.45,10.0,24.2,17.65,28.1,14.2833333333333,8.81773462783172,11.6,20.4398734177215,21.4,284.5,76.5,4570.0,91.8,198.4,100.0,111.5,51.7,25.1060975609756,472.205882352941,237.0,10.08,122.045454545455,59.15,8.36,40.15,31.35,74.2,67.85,59.1388888888889,140.5,113.5,59.4396226415094,37.275,131.5,20.05,8.17838709677419,105.5,74.8,103.0,82.14,619.4,285.0,505.0,226.0,130.035714285714,114.5,274.5,243.0,37.35,237.0,173.5,86.8,218.5,47.0,78.7,116.0,42.8
41.4118055555556,41.0,71.8166666666667,51.1,108.5,77.4,11.8,44.8,109.0,32.325,35.9583333333333,430.0,212.5,22.8,115.5,407.5,18.1291666666667,,25.2,45.0,135.5,26.25,12.3,17.0962962962963,25.06,60.7,295.0,334.0,29.2333333333333,41.11,30.57,19.95,27.9954545454545,416.0,259.5,286.5,44.6,11.9626984126984,159.642857142857,,28.0896739130435,88.8471365638766,19.7458333333333,,330.566666666667,265.987662337662,24.2026263627354,17.0185185185185,129.625,38.45,19.7,21.75,70.0,24.694,235.0,151.0,25.2,51.8,87.2,206.478260869565,60.18,108.4375,76.6,243.0,63.9,11.25,110.0,174.5,29.2083333333333,29.3078431372549,69.9,289.5,252.5,221.936893203884,43.45,48.6625,13.3532051282051,31.775,9.74785714285714,16.425,15.2545454545455,38.0354838709677,204.5,18.2461538461538,32.7,11.3,25.56,11.951724137931,11.15,11.15,19.3,45.2,44.4,10.0,24.1963768115942,17.7,28.1,14.2833333333333,8.81719008264463,11.6,20.45,21.400495049505,284.5,76.5,4570.0,91.8,198.45,100.388888888889,111.75,51.8,25.1024305555556,472.206896551724,237.0,10.0545454545455,122.25,59.15,8.36,40.15,31.4,74.2,67.9,59.1623188405797,140.5,113.473684210526,59.3979591836735,37.275,132.0,20.05,8.18,105.5,74.8,103.0,82.1230769230769,619.4,285.0,505.0,226.0,130.0,114.5,274.5,243.0,37.35,237.0,173.5,86.8,218.5,47.0,78.7,116.0,42.8
41.4222222222222,41.0,71.8833333333333,51.1,108.5,77.4,11.8,44.801282051282,109.0,32.3,35.9583333333333,430.0,212.5,22.80625,115.5,408.0,18.1033333333333,,25.15,45.0,135.5,26.25,12.3,17.05,25.1,60.7,295.0,334.0,29.25,41.11,30.6,19.95,27.9954545454545,416.0,259.5,286.5,44.5833333333333,11.9597222222222,159.833333333333,,28.1,88.9352941176471,19.7142857142857,,330.336538461538,265.639534883721,24.2034482758621,17.0274809160305,129.6,38.45,19.7,21.7857142857143,70.0,24.6884615384615,235.0,151.0,25.1976190476191,51.8,87.2,206.478260869565,60.2,108.272727272727,76.6,243.0,63.9,11.25,110.0,174.5,29.2,29.303947368421,69.9,290.0,252.5,221.962962962963,43.4222222222222,48.6625,13.3675,31.7545454545455,9.74,16.45,15.251724137931,38.0021739130435,204.5,18.2461538461538,32.75,11.3,25.6,11.951724137931,11.15,11.15,19.3071428571429,45.25,44.4,10.0,24.1811594202899,17.65,28.1,14.3,8.81666666666667,11.6011764705882,20.4267441860465,21.4,284.5,76.6,4570.0,91.8,198.491071428571,100.0,112.0,51.8,25.1030303030303,472.206896551724,237.4375,10.0545454545455,122.25,59.2,8.34150943396226,40.1428571428571,31.4,74.2,67.9,59.1583333333333,140.75,113.458333333333,59.3285714285714,37.275,132.0,20.0520253164557,8.19632911392405,105.5,74.8,103.0,82.1,619.4,285.0,505.0,226.5,130.071428571429,114.5,274.5,243.0,37.35,237.0,173.5,86.8,218.5,47.0,78.7,116.0,42.8
41.4081081081081,41.0,71.8,51.2,108.5,77.4,11.8,44.7567961165049,109.0,32.35,35.9583333333333,430.0,212.5,22.80625,115.0,407.875,18.1210526315789,,25.15,45.0,135.5,26.25,12.3,17.0760869565217,25.1,60.7,294.5,333.5,29.25,41.11,30.6,19.95,27.9954545454545,416.0,259.5,286.5,44.6,11.95,160.0,,28.15,89.025988700565,19.7,,330.388888888889,265.660714285714,24.2220183486239,17.0461111111111,129.7,38.45,19.7,21.75,70.0,24.6930555555556,235.0,151.0,25.1722222222222,51.8,87.2,206.0,60.2,108.5,76.6,243.0,63.9,11.2555555555556,110.0,174.5,29.1931818181818,29.3181818181818,69.9,289.533333333333,252.5,221.965909090909,43.45,48.7,13.3910714285714,31.75,9.75,16.45,15.2535714285714,38.0230769230769,204.5,18.2,32.75,11.3,25.55,11.9583333333333,11.15,11.15,19.3357142857143,45.2,44.4486842105263,10.0,24.185593220339,17.65,28.10625,14.3,8.81582417582418,11.6055555555556,20.4426470588235,21.4,284.5,76.5,4570.0,91.8,198.65,100.0,111.75,51.7625,25.1021276595745,472.0,238.2,10.0954545454545,122.25,59.2,8.341,40.1416666666667,31.4,74.3,67.9,59.2073684210527,140.5,113.5,59.5066666666667,37.275,132.0,20.05,8.2,105.5,74.8,103.0,82.075,619.4,285.0,505.0,226.5,130.0,114.5,274.5,242.75,37.35,237.0,173.5,86.8,218.5,47.0,78.7,116.0,42.8
41.4277777777778,41.0192307692308,71.88,51.2,108.692307692308,77.375,11.85,44.7192307692308,109.0,32.3305555555555,35.9583333333333,430.0,212.5,22.80625,115.0,408.0,18.0995114006515,,25.15,44.9916666666667,135.5,26.25,12.3,17.1,25.075,60.7,294.5,333.5,29.25,41.1,30.6,19.95,27.9954545454545,416.0,259.5,286.5,44.575,11.9987621573828,159.75,,28.11,89.1373493975904,19.7489010989011,,330.195652173913,265.555555555556,24.2408312958435,17.0397435897436,129.957142857143,38.45,19.7,21.75,70.0,24.6964285714286,235.0,151.0,25.2,51.7,87.16,206.0,60.2,108.5,76.6,243.0,63.9,11.25,110.0,174.5,29.2,29.3009803921569,69.9,289.5,252.5,221.839285714286,43.45,48.7,13.3758620689655,31.75,9.74,16.45,15.25,38.0,204.5,18.2,32.75,11.3,25.5833333333333,11.95,11.15,11.15,19.3357142857143,45.2071428571429,44.45,10.0,24.1694444444444,17.65,28.1,14.3,8.81121951219512,11.6055555555556,20.42,21.4,284.5,76.5,4570.0,91.8,199.0,100.333333333333,112.0,51.8,25.1034090909091,471.875,238.625,10.05,122.166666666667,59.1666666666667,8.34,40.1,31.3970588235294,74.3,67.9,59.3055555555556,140.75,113.25,59.5,37.3807692307692,132.0,20.0833333333333,8.19,105.5,74.8,103.0,82.0833333333333,619.4,285.0,505.0,226.5,130.0,114.5,274.5,242.5,37.3583333333333,237.0,173.5,86.8,218.55,47.0,78.7,116.5,42.8
41.4236363636364,41.0,71.875,51.2,108.6,77.4,11.8,44.7285714285714,109.0,32.3305555555555,35.9583333333333,430.0,212.5,22.8,115.0,408.0,18.1,,25.15,45.0,135.5,26.25,12.3,17.05,25.05,60.7,294.5,333.5,29.25,41.1346153846154,30.6,19.95,27.9954545454545,416.0,259.5,286.5,44.6,12.000078125,159.5,,28.1003472222222,89.2,19.75,,329.631707317073,265.645833333333,24.2594017094017,17.0466292134831,130.0,38.45,19.75,21.75,70.0,24.6933333333333,234.5,151.0,25.2,51.6,87.175,206.333333333333,60.2,108.5,76.7,243.0,63.9285714285714,11.25,110.0,174.583333333333,29.2,29.3064356435644,69.9,289.5,252.5,222.0,43.425,48.7,13.3736842105263,31.75,9.74666666666667,16.45,15.2568181818182,38.025,204.5,18.25,32.75,11.35,25.55,11.95,11.2,11.1272727272727,19.3125,45.2071428571429,44.45,10.0,24.1944444444444,17.65,28.1,14.25,8.81356725146199,11.6,20.4229508196721,21.3857142857143,284.5,76.5,4570.0,91.7,199.0,100.0,111.5,51.75,25.0967441860465,471.15,239.214285714286,10.05,122.25,59.1,8.34,40.1,31.4,74.3,67.9,59.36875,140.5,113.375,59.4464285714286,37.3807692307692,132.0,20.06,8.19,105.5,74.7769230769231,103.0,82.1,619.4,285.0,505.0,226.5,130.0,114.5,274.5,242.666666666667,37.35,237.0,173.5,86.8,218.0,47.0,78.7,116.5,42.8
41.412,41.0,71.8,51.2,108.5,77.39,11.8,44.7738636363636,109.0,32.35,35.9583333333333,430.0,212.5,22.8,115.0,407.5,18.1,,25.15,45.0,135.5,26.25,12.25,17.05,25.05,60.7,294.5,333.5,29.25,41.1777777777778,30.55,19.95,27.9462962962963,416.0,259.5,286.5,44.5388888888889,12.0044642857143,159.5,,28.1,89.2,19.75,,329.512195121951,265.684210526316,24.3,17.0495327102804,130.0,38.45,19.7454545454545,21.775,70.0,24.6892857142857,234.5,151.0,25.215625,51.6,87.2,206.4,60.2,108.5,76.7,243.0,64.0,11.2611111111111,110.0,175.0,29.2125,29.3090909090909,69.9,289.5,252.666666666667,222.0,43.45,48.65,13.3516666666667,31.8,9.74076923076923,16.45,15.2527777777778,38.0222222222222,204.5,18.2333333333333,32.75,11.3272727272727,25.55,12.0,11.2,11.15,19.31,45.21875,44.45,10.0,24.16,17.65,28.1,14.25,8.81,11.6,20.4318181818182,21.3966666666667,284.5,76.5,4570.0,91.7,198.875,100.125,112.0,51.7,25.1,469.863636363636,238.666666666667,10.05,122.5,59.1,8.35,40.1,31.4454545454545,74.2,67.9,59.35,140.5,113.5,59.534375,37.3807692307692,132.0,20.05,8.19,105.5,74.7769230769231,103.0,82.0166666666667,619.4,285.0,505.0,226.5,130.0,114.5,274.5,242.5,37.3583333333333,237.0,173.5,86.8,218.0,47.0,78.7,116.5,42.8
41.4440677966102,41.0423076923077,71.8,51.1,108.5,77.4,11.8177419354839,44.825,109.0,32.35,35.9583333333333,430.0,212.5,22.8,115.0,407.5,18.095652173913,,25.15,45.0,135.5,26.25,12.25,17.05,25.05,60.7,294.5,333.5,29.25,41.15,30.55,19.95,27.9,416.0,259.5,286.5,44.5388888888889,12.0,159.875,,28.1020408163265,89.0619047619048,19.75,,329.85393258427,265.508474576271,24.3346416382253,17.041958041958,130.0,38.45,19.75,21.775,70.0,24.6944444444444,234.5,151.0,25.2,51.6,87.1909090909091,206.5,60.1,108.5,76.7,243.0,63.996875,11.25,110.0,174.4,29.2,29.3180555555556,69.85,290.0,252.5,221.975,43.45,48.65,13.35,31.75,9.74,16.45,15.2533333333333,38.0,204.214285714286,18.25,32.75,11.3272727272727,25.575,11.9716981132075,11.2,11.15,19.3,45.2,44.4272727272727,10.0,24.1619047619048,17.65,28.1,14.25,8.8092,11.6083333333333,20.4432432432432,21.3541666666667,284.5,76.5,4565.0,91.7,199.0,100.071428571429,112.0,51.8,25.098947368421,469.5,238.5,10.05,122.5,59.162962962963,8.34879310344827,40.1,31.45,74.3,67.9,59.4,140.6,113.5,59.5,37.4972222222222,132.0,20.05,8.19,105.5,74.7769230769231,103.0,82.0904761904762,619.4,285.0,505.0,226.5,130.0,114.5,274.5,242.5,37.3583333333333,236.5,173.5,86.8,218.5,47.08,78.7,116.5,42.8
41.4206349206349,41.0032258064516,71.8,51.1,108.5,77.4,11.8484375,44.8,109.0,32.3,35.9583333333333,430.0,212.5,22.8,115.125,407.5,18.1,,25.15,45.0,135.5,26.25,12.25,17.0379310344828,25.05,60.7,294.5,333.5,29.25,41.15,30.6,19.95,27.9,416.0,259.5,286.5,44.55,12.0,159.5,,28.103125,88.9294117647059,19.76,,330.0,265.516129032258,24.3641379310345,17.0630597014925,130.0,38.45,19.75,21.7777777777778,70.0,24.7,234.928571428571,151.0,25.175,51.7,87.2,206.0,60.1666666666667,108.5,76.54,243.0,63.9,11.295,110.0,174.6875,29.2,29.3569277108434,69.85,290.0,252.5,221.75,43.475,48.7,13.352,31.8,9.74,16.45,15.2527777777778,37.9986590038314,204.214285714286,18.25,32.75,11.3272727272727,25.55,12.0,11.2,11.15,19.3,45.2,44.4475,10.0,24.175,17.65,28.1326086956522,14.25,8.80784,11.6,20.4267441860465,21.35,284.0,76.5,4567.5,91.7,198.95,100.125,112.0,51.7714285714286,25.1005813953488,469.428571428571,238.071428571429,10.075,122.5,59.1,8.34333333333333,40.1,31.45,74.3,67.9,59.3714285714286,140.5,113.5,59.5,37.4972222222222,132.0,20.075,8.18173913043478,105.5,74.7,103.0,82.0904761904762,619.4,285.0,505.0,226.5,130.25,114.5,274.5,243.0,37.35,236.5,173.5,86.8,218.0,46.95,78.6,116.5,42.75
41.4421052631579,41.0,71.8,51.2,108.5,77.4,11.8484375,44.85,109.0,32.3,35.9583333333333,430.5,212.5,22.8,115.125,407.5,18.1,,25.15,45.0,135.5,26.25,12.25,17.0,25.0916666666667,60.7,294.5,333.5,29.2,41.1368421052632,30.6,19.95,27.9,416.0,259.5,286.5,44.6,12.0,159.5,,28.1006172839506,88.9,19.75,,330.0,265.636363636364,24.4,17.0677419354839,130.0,38.5,19.75,21.7777777777778,69.9,24.6958333333333,234.928571428571,151.0,25.15,51.6583333333333,87.2,206.0,60.15,108.5,76.7,243.0,63.9,11.255,110.0,175.0,29.2,29.4029761904762,69.85,289.785714285714,252.25,222.0,43.4357142857143,48.7,13.3704545454545,31.8,9.74,16.45,15.2566666666667,37.937037037037,204.214285714286,18.25,32.75,11.3272727272727,25.56,11.995,11.2,11.15,19.315625,45.2,44.45,10.0007894736842,24.15,17.65,28.1,14.25,8.8092962962963,11.6,20.4184782608696,21.3789473684211,284.0,76.5,4567.5,91.675,198.9,100.0,111.5,51.8,25.1,469.5,238.583333333333,10.05,122.571428571429,59.15,8.34928571428572,40.1,31.45,74.3,67.9,59.4,140.833333333333,113.5,59.6,37.4972222222222,132.0,20.0884615384615,8.19,105.5,74.7666666666667,103.0,82.1375,620.0,285.0,505.0,226.0,130.0,114.5,274.5,242.5,37.35,236.5,173.5,86.8,218.0,46.95,78.6,116.5,42.75
41.4081081081081,41.0,71.9,51.2,108.5,77.4,11.85,44.85,109.0,32.3,35.9583333333333,430.0,212.5,22.8,115.125,407.5,18.1,,25.15,45.0,135.5,26.25,12.25,17.0,25.05,60.7,294.5,333.5,29.25,41.0846153846154,30.6,19.95,27.9,416.0,259.5,286.5,44.6,11.9889830508475,159.875,,28.1,88.8833333333334,19.75,,330.0,265.553571428571,24.3979411764706,17.0722772277228,130.35,38.5,19.7,21.7916666666667,69.9,24.6933333333333,234.5,151.0,25.2,51.7,87.2,206.125,60.2,108.5,76.7,243.0,63.975,11.25,110.0,174.833333333333,29.1666666666667,29.4031791907514,69.85,290.0,252.2,222.0,43.4538461538462,48.7,13.35,31.8,9.74,16.5,15.2527777777778,37.9,204.214285714286,18.25,32.75,11.3333333333333,25.55625,11.95,11.2,11.15,19.3027777777778,45.2,44.4444444444445,10.0029411764706,24.1944444444444,17.65,28.1,14.25,8.81,11.6,20.4271428571429,21.4,284.0,76.5,4570.0,91.7,199.0,100.142857142857,111.5,51.8,25.1023529411765,469.357142857143,238.538461538462,10.05,123.0,59.1333333333333,8.34030303030303,40.1,31.45,74.3,67.8555555555555,59.40625,140.5,113.5,59.5666666666667,37.4227272727273,132.0,20.05,8.19285714285714,105.611111111111,74.7666666666667,102.833333333333,82.1333333333333,620.0,285.0,505.0,226.0,130.5,114.5,274.5,242.5,37.3,236.5,173.5,86.8,218.25,46.95,78.5,116.5,42.75
41.4362831858407,41.0,71.8166666666667,51.2,108.5,77.4,11.85,44.85,109.125,32.3,35.9090909090909,430.0,212.5,22.8,115.125,407.5,18.108064516129,,25.15,45.0,135.5,26.3,12.25,17.0,25.0777777777778,60.7,294.75,333.5,29.25,41.0697368421053,30.6,19.95,27.9,416.0,259.5,286.5,44.55,11.967,159.75,,28.1085714285714,88.8461538461539,19.75,,330.458333333333,265.576923076923,24.3910071942446,17.0951612903226,130.125,38.45,19.7375,21.7916666666667,69.9,24.6884615384615,234.5,151.0,25.2,51.7,87.2,206.0,60.1,108.464285714286,76.7,243.0,63.9285714285714,11.25,110.0,174.5,29.2,29.4021186440678,69.9,289.75,252.0,222.487179487179,43.45,48.7,13.3730769230769,31.8,9.74,16.5,15.25,37.9083333333333,204.214285714286,18.2,32.73,11.3333333333333,25.55,11.975,11.2,11.15,19.3214285714286,45.2166666666667,44.45,10.0,24.1504518072289,17.65,28.1,14.25,8.81,11.6013888888889,20.45,21.4,284.0,76.5,4570.0,91.66,198.961538461538,99.9594285714286,111.5,51.8,25.1,469.5,238.3125,10.084375,123.0,59.1,8.36,40.1,31.45,74.3,67.8555555555555,59.40625,140.5,113.5,59.64,37.4227272727273,132.0,20.0690476190476,8.196,105.5,74.7666666666667,103.0,82.0465517241379,620.0,285.0,505.0,226.0,130.0,114.0,274.5,242.666666666667,37.3,236.5,173.5,86.8,218.25,47.0,78.6,116.5,42.75
41.4342105263158,41.0027777777778,71.9,51.2,108.5,77.5,11.85,44.85,109.5,32.35,35.9090909090909,430.0,212.25,22.825,115.125,407.5,18.1,,25.15,44.95,135.5,26.3,12.25,17.0,25.05,60.7,294.666666666667,333.5,29.25,41.0352941176471,30.6,19.9416666666667,27.95,416.0,259.5,286.5,44.55,11.95625,159.964285714286,,28.1,88.8928571428571,19.75,,330.484375,265.593220338983,24.3716666666667,17.0821428571429,130.35,38.4833333333333,19.7375,21.775,69.9,24.6934782608696,234.5,151.0,25.15,51.7,87.2,206.083333333333,60.2,108.3,76.55,243.0,63.9,11.2991304347826,110.0,174.5,29.18,29.39375,69.9,290.0,252.0,222.769230769231,43.45,48.7333333333333,13.35,31.8,9.74,16.5,15.2714285714286,37.8973684210526,204.214285714286,18.2,32.75,11.35,25.6007984031936,11.9921875,11.2,11.15,19.3258620689655,45.2,44.44,10.0,24.15,17.65,28.1,14.25,8.8127027027027,11.6,20.4304878048781,21.3990196078431,284.0,76.5,4570.0,91.675,198.916666666667,99.6421052631579,111.5,51.77,25.1192307692308,470.096153846154,238.0625,10.05,122.875,59.2,8.35125,40.1,31.45,74.3,67.8555555555555,59.4428571428571,140.916666666667,113.9,59.5875,37.4227272727273,132.125,20.05,8.19176470588235,105.5,74.8,103.0625,81.975,620.0,285.0,505.0,226.0,130.5,114.0,274.5,242.5,37.3,237.5,173.0,86.8,218.0,47.0,78.6636363636364,116.5,42.8
41.4280701754386,41.0222222222222,71.8666666666667,51.15,108.5,77.5,11.85,44.8363636363636,109.5,32.3384615384615,35.9090909090909,430.0,212.0,22.8166666666667,115.125,407.5,18.0954545454545,,25.15,44.95,135.5,26.3,12.2625,16.99875,25.0833333333333,60.7,294.5,333.5,29.21,41.0413043478261,30.6,19.95,27.95,415.5,259.5,286.5,44.55,11.95,159.875,,28.1,88.8269230769231,19.75,,330.5,265.533333333333,24.3748,17.05,130.0,38.4833333333333,19.75,21.775,69.8333333333333,24.6857142857143,234.5,151.0,25.1666666666667,51.8,87.2,206.5,60.1,108.3,76.5666666666667,243.0,63.9,11.25,109.833333333333,175.0,29.1642857142857,29.3958333333333,69.9,290.0,252.0,222.875,43.426,48.7475,13.391726618705,31.8,9.74,16.5,15.25,37.8485074626866,204.214285714286,18.2,32.75,11.35,25.65,11.9978723404255,11.2,11.15,19.3153846153846,45.2055555555556,44.45,10.03125,24.15,17.6625,28.1,14.25,8.81340909090909,11.6,20.45,21.35,284.0,76.5,4570.0,91.6,199.0,99.8277777777778,111.5,51.79375,25.101724137931,470.8,237.8125,10.1,122.541666666667,59.25,8.34909090909091,40.1,31.5,74.3,67.825,59.4916666666667,140.5,114.0,59.5875,37.4227272727273,132.125,20.05,8.19,106.0,74.75,103.0,81.8066666666667,620.0,285.0,505.0,226.0,130.166666666667,114.0,274.5,242.5,37.3,236.5,173.5,86.8,218.0,46.95,78.65,116.5,42.8
41.4166666666667,41.0,71.8,51.15,108.5,77.5,11.85,44.78671875,109.5,32.35,35.9090909090909,430.5,212.0,22.8,115.125,407.5,18.1,,25.15,44.95,135.5,26.3,12.2625,16.99875,25.05,60.7,294.9375,333.5,29.25,41.05,30.6,19.95,27.95,415.5,259.5,286.5,44.55,11.95,159.666666666667,,28.1,88.7977272727273,19.7357142857143,,330.7,265.636363636364,24.3653465346535,17.0464705882353,130.25,38.5,19.75,21.751048951049,69.8,24.7,234.5,151.0,25.2,51.8,87.2047619047619,206.0,60.1,108.5,76.6,243.0,63.9,11.255,110.0,174.5,29.15,29.3945378151261,69.9,290.0,252.0,222.9375,43.4,48.7475,13.3545454545455,31.8,9.74333333333333,16.5,15.25,37.8149350649351,204.0,18.2,32.75,11.3140845070423,25.6071428571429,11.9571428571429,11.2,11.15,19.3,45.25,44.4380952380952,10.0,24.15,17.65,28.1,14.3,8.81,11.6,20.40859375,21.35,284.0,76.5,4570.0,91.6,199.0,99.8,112.0,51.8,25.1472602739726,470.222222222222,238.333333333333,10.05,123.0,59.2,8.35235294117647,40.1,31.475,74.3,67.825,59.45,140.5,113.875,59.5833333333333,37.4227272727273,132.125,20.0638888888889,8.2,105.5,74.8,103.0,81.82,620.0,285.0,505.0,226.5,130.3,114.0,274.5,242.5,37.3,236.5,173.5,86.8,218.0,46.95,78.6,116.5,42.8
41.4471428571429,41.0,71.8,51.2,108.5,77.5,11.85,44.75,109.5,32.31,35.9090909090909,430.5,212.0,22.8083333333333,115.125,407.5,18.0833333333333,,25.15,44.95,135.5,26.3,12.2625,17.0,25.0642857142857,60.7,294.5,333.5,29.25,41.0020964360587,30.6,19.95,27.95,415.5,259.5,286.5,44.55,11.9581081081081,160.0,,28.0833333333333,88.7909090909091,19.7357142857143,,330.964285714286,265.661290322581,24.3355685131195,17.0328125,130.125,38.5,19.75,21.78,69.8,24.6775,234.5,151.0,25.2,51.8,87.3,206.375,60.1,108.583333333333,76.6,243.0,63.9,11.2730769230769,110.0,174.5,29.1482142857143,29.3594827586207,69.9,290.0,252.0,222.5,43.3666666666667,48.7475,13.3666666666667,31.8,9.74166666666667,16.5,15.252380952381,37.8009090909091,204.0,18.2,32.75,11.3,25.6333333333333,11.9961538461538,11.2,11.15,19.3,45.225,44.45,10.0,24.1576923076923,17.675,28.1,14.25,8.81,11.6,20.446875,21.3977272727273,284.0,76.5,4570.0,91.7,199.0,99.8,111.5,51.8,25.1,469.5,238.0,10.05625,123.0,59.2,8.36,40.0791666666667,31.475,74.2,67.775,59.45,140.625,113.5,59.4818181818182,37.35,132.125,20.0518518518519,8.2,105.5,74.8,103.0,81.9,620.0,285.0,505.0,226.5,130.467741935484,114.0,274.5,242.5,37.3,236.5,173.5,86.8,217.46,46.95,78.5076923076923,116.5,42.8
41.4203389830508,41.0,71.84,51.2,108.75,77.5,11.85,44.7106666666667,109.0,32.3,35.9090909090909,430.5,212.0,22.7933333333333,115.5,407.5,18.0772727272727,,25.15,44.95,135.5,26.3,12.3,17.0384615384615,25.05,60.7,294.75,333.5,29.25,40.9702702702703,30.55,19.95,27.95,415.5,259.5,286.5,44.55,11.9541666666667,159.5,,28.0807692307692,88.8116504854369,19.725,,331.0,265.5,24.3154605263158,17.0,130.3125,38.5,19.7444444444444,21.75,69.8,24.6916666666667,234.5,151.0,25.2,51.8,87.3230769230769,206.375,60.125,109.0,76.55,243.0,63.9,11.2714285714286,110.0,174.5,29.1038461538462,29.3520833333333,69.9,290.0,251.5,222.5,43.4,48.7475,13.3951612903226,31.8,9.74666666666667,16.47,15.2516666666667,37.7483870967742,204.0,18.2,32.75,11.3,25.65,12.0,11.2,11.15,19.3,45.2,44.45,10.0,24.15,17.6611111111111,28.1,14.25,8.8087037037037,11.6,20.4233333333333,21.35,284.0,76.5,4570.0,91.7,199.0,99.8333333333333,111.5,51.7428571428571,25.1,469.115384615385,237.7,10.05625,122.75,59.2,8.36,40.065,31.45,74.2,67.8,59.4142857142857,140.5,114.0,59.3620689655172,37.35,132.125,20.0559523809524,8.19,105.5,74.8,103.0,82.0,620.0,285.0,505.0,226.5,130.5,114.0,274.5,242.5,37.298,236.5,173.5,86.8,217.125,46.95,78.5,116.5,42.8
41.4291044776119,40.97,71.8666666666667,51.1111111111111,108.5,77.5,11.8201923076923,44.7,109.0,32.3,35.9090909090909,430.5,212.0,22.7933333333333,115.5,407.5,18.1,,25.15,44.95,135.5,26.3,12.3,17.04,25.075,60.7,294.5,333.5,29.25,40.9980769230769,30.55,19.9375,27.95,415.5,259.5,286.5,44.5875,11.9621951219512,160.0,,28.0578947368421,88.803448275862,19.7045454545455,,330.5,265.5,24.323417721519,17.0294117647059,130.0,38.5020547945205,19.7,21.75,69.8,24.6884615384615,234.5,151.0,25.2,51.6615384615385,87.4,206.5,60.1,108.6875,76.6,243.0,63.9,11.25,110.0,174.5,29.1,29.3514851485149,69.9,290.0,251.583333333333,222.5,43.4,48.7475,13.3838709677419,31.8,9.74,16.47,15.2615384615385,37.69875,204.0,18.2005494505494,32.75,11.3,25.6333333333333,12.0,11.2,11.15,19.3,45.2,44.45,10.0,24.15,17.65,28.1,14.25,8.81,11.6,20.45,21.35,284.0,76.5,4570.0,91.7555555555556,199.0,99.9333333333333,111.75,51.7,25.1,469.0,237.625,10.05,123.0,59.2,8.36,40.0601351351351,31.45,74.2,67.8,59.3,140.75,113.875,59.475,37.35,132.125,20.05,8.19,105.5,74.7,103.0,82.0,620.0,285.0,505.0,226.5,130.912371134021,114.0,274.5,242.5,37.3,236.5,173.5,86.8,216.5,46.95,78.5,116.5,42.8611111111111
41.447,40.97,71.8,51.2,108.5,77.45,11.8201923076923,44.7166666666667,109.0,32.35,35.9090909090909,430.5,212.0,22.75,115.5,407.5,18.1,,25.15,45.0,135.5,26.3,12.3,17.0071428571429,25.1,60.7,294.5,333.5,29.25,41.02,30.55,19.9375,27.95,415.5,259.5,286.5,44.5571428571429,11.9806666666667,160.0,,28.0694444444444,88.8111111111111,19.7375,,331.0,265.508333333333,24.313698630137,17.0,130.0,38.5515625,19.7,21.775,69.8166666666667,24.6884615384615,234.5,151.0,25.1866666666667,51.7,87.4,206.5,60.1,108.5625,76.6666666666667,243.0,63.9928571428572,11.2555555555556,109.65,174.5,29.1,29.3569620253165,69.9,290.0,251.5,222.5,43.3928571428571,48.75,13.3943037974684,31.8,9.75,16.47,15.25,37.6621951219512,204.0,18.2005494505494,32.75,11.3,25.6461538461539,12.0,11.2,11.15,19.3055555555556,45.2,44.42,10.0,24.15,17.65,28.1,14.2916666666667,8.81469387755102,11.6,20.42875,21.35,284.0,76.5,4570.0,91.884,199.0,99.84,111.5,51.7,25.109375,468.954545454545,238.166666666667,10.0944444444444,123.0,59.2,8.36074074074074,40.0571428571429,31.45,74.1,67.8,59.3,140.5,113.75,59.5,37.35,132.0,20.0518867924528,8.19,105.5,74.7,103.25,82.0,620.0,285.0,505.0,226.5,131.0,114.0,274.5,242.25,37.3,236.5,173.5,86.8,216.6,46.95,78.5,116.5,42.85
41.4377551020408,41.0,71.8,51.2,108.5,77.5,11.8357142857143,44.7083333333333,109.0,32.35,35.9090909090909,430.4,212.25,22.7449367088608,115.25,407.5,18.1,,25.15,44.95,135.5,26.3,12.2875,17.0,25.1,60.7,294.638888888889,333.5,29.25,41.0,30.55,19.95,27.95,415.5,259.5,286.5,44.6,11.9541666666667,159.9,,28.1,88.8,19.7485981308411,,331.0,265.529411764706,24.3,17.0133333333333,130.0,38.5515625,19.7,21.775,69.8,24.6932432432432,234.5,151.0,25.1866666666667,51.6,87.4,206.5,60.1,108.5,76.6,243.0,63.91,11.2583333333333,109.833333333333,174.75,29.1,29.3512658227848,69.9,290.0,251.583333333333,222.484848484849,43.4,48.75,13.35,31.8,9.74,16.45,15.25,37.6766666666667,204.0,18.2,32.75,11.3,25.6032608695652,11.9892857142857,11.2,11.15,19.3,45.2,44.4,10.0,24.1571428571429,17.65,28.1074074074074,14.25,8.80819875776398,11.6,20.45,21.35,284.0,76.5,4570.0,91.8428571428572,199.0,99.7625,111.5,51.625,25.1,468.241379310345,238.125,10.0502604166667,123.0,59.2,8.36,40.05,31.5,74.2,67.7666666666667,59.32,140.833333333333,113.5,59.4333333333333,37.35,131.5,20.05,8.196,105.5,74.7,103.5,82.0,620.0,285.0,505.0,226.5,131.0,114.0,274.5,242.25,37.255,236.5,173.5,86.8,217.2,46.95,78.6,116.5,42.85
41.4339285714286,41.0,71.9,51.2,108.5,77.4,11.85,44.725,109.0,32.3,35.9090909090909,430.375,212.5,22.75,115.25,407.5,18.075,,25.15,45.0,135.5,26.3,12.3,17.0,25.1,60.7,294.5,333.5,29.25,41.0,30.55,19.95,27.95,415.333333333333,259.5,286.5,44.575,11.9545454545455,159.576923076923,,28.1,88.8135135135135,19.75,,330.5,265.5,24.3,17.0285714285714,130.0,38.55,19.7,21.7875,69.8,24.6964285714286,234.5,151.0,25.15,51.7,87.4,207.0,60.18125,108.511627906977,76.55,242.9,63.925,11.25,110.0,174.75,29.1,29.352,69.9,290.0,251.5,222.529411764706,43.4,48.75,13.35,31.8,9.74,16.45,15.25,37.6913793103448,204.0,18.2,32.75,11.3,25.6375,11.9545454545455,11.2,11.15,19.3214285714286,45.2,44.4,10.0,24.175,17.655,28.1,14.25,8.81,11.6,20.4261904761905,21.35,284.5,76.5,4565.0,91.9588235294118,198.875,99.76,111.5,51.605,25.1192307692308,468.0,238.166666666667,10.0502604166667,122.75,59.15,8.36,40.05,31.5,74.2,67.7666666666667,59.375,140.75,113.722222222222,59.425,37.35,131.5,20.05,8.19714285714286,105.996124031008,74.7,103.444444444444,81.975,620.0,284.409090909091,505.0,226.5,130.875,114.0,274.5,242.5,37.25,236.5,173.5,86.8,217.0,46.95,78.5076923076923,116.5,42.8625
41.4477272727273,41.0,71.8714285714286,51.2,108.5,77.4,11.85,44.7125,109.5,32.35,35.9090909090909,430.375,212.0,22.75,115.25,408.25,18.0766666666667,,25.2,45.0,135.5,26.3,12.3,17.0,25.06,60.7,294.5,333.5,29.25,41.05,30.55,19.95,27.95,415.0,259.5,286.5,44.575,11.9628205128205,159.875,,28.1125,88.8,19.7388888888889,,330.5,265.5,24.3195035460993,17.05,130.661764705882,38.55,19.7,21.7625,69.8,24.7,234.5,151.0,25.15,51.7,87.4,206.988888888889,60.1,108.642857142857,76.7,242.454545454545,63.9,11.2777777777778,110.0,175.0,29.1,29.3551724137931,69.9,290.0,251.6,222.5,43.4,48.7666666666667,13.35,31.8,9.74,16.45,15.25,37.7027777777778,204.0,18.2,32.75,11.3,25.65,11.9517857142857,11.2,11.15,19.3,45.2,44.4,10.0,24.185,17.65,28.1,14.25,8.81,11.6,20.45,21.35,284.5,76.5,4565.0,92.0,199.0,99.8,111.5,51.62,25.1,467.441176470588,238.125,10.0625,122.75,59.15,8.3525,40.096,31.5,74.2,67.7666666666667,59.375,140.6,113.909090909091,59.3909090909091,37.35,131.5,20.0520618556701,8.19,106.457627118644,74.7,103.5,82.0,620.0,284.5,505.0,226.5,130.5,114.0,274.5,242.5625,37.25,236.5,173.5,86.8,217.5,46.95,78.5,116.5,42.85
41.43,41.0,71.8,51.2,108.5,77.4,11.85,44.7,109.5,32.35,35.9090909090909,430.375,212.0,22.75,115.25,408.25,18.1,,25.2,45.0,135.5,26.3,12.3,17.01,25.05,60.7,294.5,333.5,29.25,41.05,30.55,19.95,27.95,415.0,259.5,286.5,44.6,11.9539473684211,160.0,,28.1026315789474,88.8023809523809,19.7375,,330.5,265.5,24.3472039473684,17.0428571428571,131.009259259259,38.6,19.75,21.76,69.9,24.7,234.5,151.166666666667,25.15,51.7,87.3,207.03125,60.1,108.5,76.625,242.0,64.0,11.2545454545455,110.0,175.0,29.1,29.347619047619,69.9,290.0,251.5,222.5,43.4,48.74375,13.3785714285714,31.8,9.74,16.45,15.275,37.65,204.0,18.2,32.75,11.3,25.65,11.9517857142857,11.2,11.15,19.3294117647059,45.2,44.4,10.0,24.1875,17.65,28.0989898989899,14.2518518518519,8.80936936936937,11.6,20.4210843373494,21.4,284.5,76.5,4565.0,92.1,199.0,99.7,111.5,51.675,25.105,466.913793103448,238.166666666667,10.08,123.0,59.1,8.36,40.1,31.5,74.2,67.7666666666667,59.3,140.5,113.666666666667,59.4125,37.35,131.5,20.09375,8.19061224489796,106.5,74.7,103.25,82.0,620.0,284.5,505.0,226.5,130.5,114.0,274.5,242.5,37.25,237.0,173.5,86.8,217.333333333333,46.95,78.4,116.5,42.85
41.432,41.0,71.8,51.2,108.5,77.3625,11.85,44.675,109.0,32.3,35.9090909090909,430.375,212.0,22.75,115.25,408.25,18.09,,25.2,45.0,135.5,26.3,12.3469387755102,17.05,25.075,60.7,294.5,333.5,29.25,41.05,30.55,19.95,27.95,415.0,259.5,286.5,44.6,11.95,159.5,,28.1115384615385,88.8,19.75,,330.5,265.5,24.3953296703297,17.0472222222222,131.333333333333,38.6,19.7,21.7278947368421,69.8833333333333,24.7,234.5,151.5,25.1833333333333,51.7,87.3,207.45652173913,60.1,108.5,76.7,242.0,64.0,11.2833333333333,109.791666666667,175.0,29.1357142857143,29.303125,69.9,290.0,251.5,222.384615384615,43.4142857142857,48.74375,13.3683333333333,31.8,9.74,16.45,15.25,37.65,204.0,18.2,32.75,11.3,25.6481927710843,11.9521739130435,11.2,11.15,19.3,45.2,44.4,10.0,24.1713675213675,17.65,28.05,14.2518518518519,8.80217391304348,11.6,20.45,21.4,284.3,76.5,4565.0,92.1285714285714,199.4,99.7166666666667,111.5,51.675,25.1,466.102272727273,238.8,10.05,122.75,59.2,8.36,40.1,31.45,74.2,67.7666666666667,59.2833333333333,140.5,114.0,59.4,37.35,131.5,20.0785714285714,8.19032608695652,106.54375,74.8,103.475,82.0,620.0,284.5,505.0,226.5,131.0,114.0,274.5,242.5,37.3,237.0,173.5,86.8,217.333333333333,46.95,78.5,116.5,42.85
41.4336363636364,40.9642857142857,71.8,51.2,108.5,77.3,11.85,44.6571428571429,109.0,32.35,35.9090909090909,430.5,212.0,22.7,115.25,407.5,18.1,,25.2,45.0,135.5,26.3,12.36125,17.0,25.1,60.7,294.5,333.0,29.25,41.05,30.55,19.95,27.95,415.0,259.5,286.5,44.6,11.95,159.9375,,28.1444444444444,88.8685185185185,19.725,,330.75,265.514285714286,24.3870833333333,17.05,131.136363636364,38.6,19.7,21.7027027027027,69.8,24.7,234.5,151.25,25.15,51.7,87.2,207.53947368421,60.1,109.0,76.7,242.4,64.0004132231405,11.268,110.0,174.5,29.1220779220779,29.2740384615385,69.9,290.3125,251.5,222.48,43.4,48.75,13.3586206896552,31.8,9.74,16.48125,15.25,37.6636363636364,204.0,18.2,32.75,11.3,25.6647058823529,12.0,11.2,11.15,19.3,45.2,44.4,10.0,24.175,17.6666666666667,28.05,14.25,8.8,11.6,20.43,21.4,284.5,76.4,4565.0,92.0,199.5,99.8,111.5,51.6046511627907,25.1,466.481481481481,238.704545454545,10.0958333333333,123.0,59.2,8.35074074074074,40.1,31.45,74.2,67.7666666666667,59.2030303030303,140.666666666667,113.9,59.327027027027,37.35,131.5,20.075,8.19032608695652,106.8125,74.8,103.4375,82.0,620.0,284.5,503.0,226.5,131.0,114.0,274.5,242.25,37.25625,237.0,173.5,86.8,217.333333333333,46.95,78.4,116.5,42.85
41.4375,40.9615384615385,71.89,51.2,108.75,77.4,11.8,44.6166666666667,109.2,32.35,35.9090909090909,430.5,212.0,22.7384615384615,115.136363636364,407.5,18.1,,25.15,45.0,135.5,26.3,12.4,17.0,25.05,60.7,294.666666666667,333.0,29.25625,41.05,30.55,19.95,27.9,415.0,259.5,286.5,44.6,11.9551282051282,159.714285714286,,28.1068965517241,88.8152173913044,19.725,,331.0,265.65,24.3747422680412,17.0375,131.0,38.55,19.7,21.7,69.9,24.7071428571429,234.5,151.25,25.15,51.7,87.2,207.35,60.1,109.0,76.7,242.4,64.0,11.25,110.0,175.0,29.1272727272727,29.2539473684211,69.9,290.0,251.5,222.333333333333,43.375,48.725,13.35,31.8,9.74,16.45,15.25,37.6833333333333,204.0,18.2,32.75,11.3192307692308,25.65,11.9535714285714,11.2,11.15,19.3,45.2,44.4035714285714,10.0,24.2,17.65,28.05,14.25,8.80994065281899,11.6,20.45,21.36875,284.333333333333,76.4,4565.0,92.0,199.5,99.8,111.5,51.6,25.1021739130435,467.694444444445,238.333333333333,10.05625,123.0,59.3,8.35434782608696,40.1,31.45,74.2,67.7666666666667,59.2090909090909,140.6,113.944444444444,59.4878787878788,37.35,131.5,20.0978260869565,8.19,106.625,74.8,103.5,82.1,620.0,284.5,502.0,226.5,130.833333333333,114.0,274.5,242.0,37.3,237.0,173.5,86.8,217.0,46.95,78.4,116.5,42.85
41.42125,40.9583333333333,71.84,51.2,108.5,77.4,11.825,44.6,109.0,32.35,35.9090909090909,430.5,212.0,22.7384615384615,115.136363636364,407.5,18.1,,25.15,45.0,135.5,26.3,12.3992063492063,17.0,25.05,60.7,294.5,333.0,29.25,41.05,30.55,19.9,27.9,415.0,259.0,286.5,44.575,11.9588235294118,159.5,,28.1111111111111,88.8,19.725,,331.0,265.936241610738,24.3683486238532,17.0138888888889,131.0,38.55,19.7,21.7010869565217,69.9,24.6882352941176,234.5,151.25,25.15,51.7,87.2,207.0,60.1,108.583333333333,76.6666666666667,242.4,64.0,11.25,109.970588235294,174.5,29.1013513513514,29.2545454545455,69.9,290.0,251.25,222.571428571429,43.3677419354839,48.725,13.3985177865613,31.8,9.73,16.45,15.25,37.65,204.0,18.2,32.75,11.3,25.6666666666667,11.95,11.2,11.15,19.3,45.2083333333333,44.4166666666667,10.0,24.1973154362416,17.65,28.05,14.25,8.81,11.6,20.4289473684211,21.36875,284.5,76.4,4565.0,92.0,199.333333333333,99.8,111.5,51.65,25.1027397260274,467.214285714286,238.333333333333,10.05,123.0,59.3,8.35066666666667,40.1,31.5,74.3,67.7666666666667,59.25,140.75,114.0,59.6,37.35,131.5,20.0576923076923,8.195,106.5,74.8,103.5,82.0769230769231,620.0,284.5,502.0,226.5,131.0,114.0,274.5,242.0,37.3,237.0,173.5,86.8,217.0,46.95,78.3,116.5,42.85
41.4457627118644,40.9518475750577,71.9,51.2,108.5,77.3,11.825,44.57,109.0,32.349,35.9090909090909,430.5,212.0,22.7,115.136363636364,407.5,18.1,,25.15,45.0,135.5,26.3,12.4,17.0,25.05,60.7,294.5,333.0,29.25,41.05,30.55,19.95,27.9,415.0,259.0,286.5,44.55,11.9567567567568,159.875,,28.1166666666667,88.8522727272727,19.7,,331.0,265.75,24.3538022813688,17.0,131.0,38.5,19.7,21.7,69.8666666666667,24.68125,234.5,151.25,25.15,51.7,87.2666666666667,207.5,60.1,108.5,76.7,242.5,64.0,11.2621212121212,110.0,174.5,29.1486842105263,29.2533333333333,69.9,290.0,251.0,223.0,43.4,48.725,13.4023255813953,31.8,9.73,16.45,15.2576923076923,37.7,204.0,18.2,32.75,11.3,25.675,12.0,11.2,11.15,19.328125,45.2083333333333,44.45,10.0,24.2,17.7,28.090625,14.25,8.81165775401069,11.6,20.45,21.3681818181818,284.5,76.4,4565.0,92.0982142857143,199.5,99.7571428571429,112.0,51.7,25.0954545454546,468.033333333333,238.625,10.05,122.833333333333,59.3,8.35565217391304,40.1,31.5,74.3,67.8,59.2125,140.5,114.0,59.5444444444445,37.35,132.0,20.0583333333333,8.192,106.5,74.8,103.479166666667,82.0625,620.0,284.5,501.6,226.5,131.0,114.0,274.5,242.25,37.3,237.0,173.5,86.8,217.0,46.95,78.3,116.5,42.85
41.4355072463768,40.95,71.9,51.2,108.5,77.3,11.85,44.5474025974026,109.0,32.35,35.9090909090909,430.5,212.0,22.7,115.136363636364,407.5,18.14,,25.15,44.95,135.5,26.3,12.39,17.0,25.05,60.7,294.5,333.0,29.25,41.05,30.55,19.95,27.9,415.0,259.0,286.5,44.6,11.9548780487805,159.875,,28.10625,88.8995024875622,19.7166666666667,,331.0,265.569444444444,24.3816326530612,17.0,131.0,38.5,19.7,21.747619047619,70.0,24.675,234.5,151.0,25.1857142857143,51.7,87.3,207.0,60.1,109.0,76.7,242.5,63.94,11.285,109.909090909091,174.5,29.15,29.25,69.9,290.0,251.0,222.5,43.4,48.725,13.4059322033898,31.7916666666667,9.73,16.45,15.2529411764706,37.6933333333333,204.0,18.2,32.75,11.3,25.7,11.955,11.15,11.15,19.3,45.2,44.44,10.0,24.1833333333333,17.7,28.08,14.25,8.81007299270073,11.6,20.4436,21.3681818181818,284.5,76.4,4565.0,92.2,199.5,99.7285714285714,112.0,51.6285714285714,25.0996478873239,468.880952380952,238.0,10.0625,122.555555555556,59.2,8.36,40.1,31.5,74.3,67.8,59.22,140.5,113.964285714286,59.45,37.35,132.0,20.075,8.19666666666667,106.5,74.8,103.504587155963,82.1,620.0,285.0,501.6,226.5,130.5,114.0,274.5,242.0,37.25,236.5,173.055555555556,86.8,217.5,46.975,78.3375,116.5,42.85
41.4014522821577,40.9506944444445,71.8857142857143,51.2,108.5,77.3,11.85,44.5642857142857,109.0,32.35,35.9090909090909,430.5,212.0,22.7,115.136363636364,407.5,18.1473684210526,,25.15,44.95,135.5,26.3,12.35,17.0,25.05,60.7,294.3125,333.0,29.25,41.06,30.55,19.95,27.9,415.0,259.0,286.5,44.6,11.95,159.875,,28.1,88.9616438356164,19.7430555555556,,331.0,265.694444444444,24.3977272727273,17.03125,131.0,38.5,19.75,21.74,70.0,24.675,234.5,151.0,25.1857142857143,51.7,87.2081081081081,207.0,60.1,109.0,76.6666666666667,242.5,64.0,11.25,110.0,174.5,29.1977777777778,29.2548387096774,69.9,290.0,251.0625,222.418918918919,43.4,48.7375,13.398828125,31.7916666666667,9.73,16.45,15.25,37.7133333333333,204.0,18.2490196078431,32.75,11.3,25.6758620689655,11.975,11.15,11.15,19.3,45.2,44.42,10.025,24.1590909090909,17.65,28.05,14.25,8.81,11.6,20.45,21.352,284.5,76.4,4565.0,92.2,199.5,99.725,112.0,51.7,25.1,468.375,238.0,10.05,123.0,59.3,8.3535,40.1,31.5,74.3,67.8,59.2,140.5,114.0,59.4,37.35,132.0,20.05,8.19037974683544,106.5,74.8,104.0,82.1,620.0,285.0,495.5,226.5,130.5,114.5,274.5,242.0,37.2527777777778,236.5,173.5,86.8,217.333333333333,46.95,78.3,116.5,42.85
41.3599290780142,40.9041666666667,71.9,51.2,108.5,77.3,11.8476897689769,44.5545454545454,109.0,32.4,35.9090909090909,430.5,212.0,22.7,115.136363636364,407.5,18.1088235294118,,25.15,44.95,135.5,26.3,12.35,17.0142857142857,25.05,60.7,294.166666666667,333.0,29.25,41.05,30.55,19.9416666666667,27.95,415.0,259.0,286.5,44.5833333333333,11.9625,160.0,,28.1,88.9388888888889,19.7,,331.0,265.585106382979,24.425816993464,17.05,130.933333333333,38.5,19.7285714285714,21.75,70.0,24.65,234.5,151.0,25.15,51.7,87.3,207.0,60.16,109.0,76.7,242.5,64.0,11.25,110.0,174.5,29.175,29.2637931034483,69.9,290.0,251.0,222.833333333333,43.4078125,48.75,13.4003067484663,31.7916666666667,9.74,16.45,15.25,37.7227272727273,204.0,18.2470588235294,32.75,11.3,25.6842105263158,11.9519230769231,11.15,11.15,19.3,45.2,44.4,10.0,24.2,17.65,28.0785714285714,14.275,8.81238095238095,11.6,20.4580357142857,21.4,284.5,76.4,4565.0,92.2066666666667,199.5,99.6571428571428,111.5,51.69,25.10390625,468.227272727273,238.333333333333,10.05,122.571428571429,59.3,8.34869565217391,40.1,31.5,74.3,67.8,59.3008064516129,140.625,114.0,59.4333333333333,37.35,132.0,20.0589285714286,8.19511111111111,106.5,74.9,103.524590163934,82.19,620.0,285.0,495.5,226.0,130.5,114.5,274.5,242.166666666667,37.25,236.5,173.5,86.8,217.0,46.95,78.2,116.5,42.85
41.380985915493,40.8998498498499,71.9,51.2,108.5,77.3,11.85,44.55,109.0,32.35,35.9090909090909,431.0,212.0,22.7,115.5,407.5,18.1131578947368,,25.15,44.95,135.5,26.3,12.35,17.0142857142857,25.09375,60.7,294.0,333.0,29.25,41.0611111111111,30.55,19.9416666666667,27.95,415.0,259.0,286.5,44.6,11.9631578947368,159.541666666667,,28.0963414634146,88.9516129032258,19.7,,331.0,265.512195121951,24.4647610921502,17.0,130.7,38.5,19.75,21.755,70.0,24.65,234.5,151.0,25.15,51.7,87.3333333333333,207.0,60.1,109.0,76.7,242.5,63.9565217391304,11.2631578947368,109.972222222222,174.5,29.190243902439,29.2825,69.9,290.0,251.325,222.625,43.35,48.75,13.3761363636364,31.8,9.73,16.45,15.25,37.7125,204.0,18.2,32.75,11.3,25.6842105263158,12.0,11.15,11.15,19.3,45.2277777777778,44.4166666666667,10.0,24.1948275862069,17.66,28.0533333333333,14.25,8.81438596491228,11.6,20.4566666666667,21.3862068965517,284.5,76.4,4565.0,92.1,199.5,99.7,111.5,51.68,25.1032258064516,467.0,238.333333333333,10.05,123.0,59.3,8.34,40.1,31.5,74.3,67.8,59.3913043478261,140.5,114.0,59.3333333333333,37.35,132.0,20.0666666666667,8.19823529411765,106.525,74.9,103.5,82.3066666666667,620.0,285.5,495.5,226.0,130.5,114.5,274.5,242.166666666667,37.3,236.5,173.5,86.8,217.0,46.95,78.2,116.5,42.85
41.3727272727273,40.9075,71.8666666666667,51.2,108.5,77.3571428571429,11.85,44.53,109.0,32.35,35.95,430.5,212.0,22.7,115.0625,407.5,18.1,,25.15,44.95,135.5,26.3,12.35,17.0,25.1,60.7,294.0,333.5,29.25,41.0714285714286,30.55,19.95,27.95,415.0,258.5,286.5,44.575,11.9611111111111,159.541666666667,,28.0666666666667,88.8523809523809,19.7,,330.553571428571,265.511904761905,24.4895418326693,17.0454545454545,130.4875,38.5,19.7601449275362,21.75,69.8,24.7,234.5,151.25,25.1,51.7,87.3333333333333,207.0,60.1,109.0,76.65,242.5,63.9488372093023,11.2576923076923,109.947368421053,175.0,29.19,29.2941176470588,69.9,290.0,251.5,222.5,43.3875,48.75,13.4,31.8046242774567,9.73,16.45,15.2575,37.7173076923077,204.0,18.2454545454545,32.75,11.3,25.7,11.9761904761905,11.15,11.15,19.3,45.2,44.4444444444444,10.0,24.1931034482759,17.65,28.05,14.25,8.815,11.6,20.475,21.4,284.5,76.4,4570.0,92.1,199.5,99.6833333333333,111.5,51.64,25.1016393442623,466.583333333333,238.166666666667,10.085,122.833333333333,59.3,8.34142857142857,40.0857142857143,31.5,74.3,67.8,59.4,140.5,114.25,59.3333333333333,37.45,132.0,20.05,8.19947368421052,106.5,74.9,103.539473684211,82.4,620.0,285.5,495.5,226.0,130.5,114.5,274.5,242.0,37.2583333333333,236.5,173.5,86.8,217.0,47.0,78.2,116.5,42.85
41.3927835051546,40.9320754716981,71.86,51.2,108.5,77.4,11.85,44.5,109.0,32.35,35.95,430.5,212.0,22.7,115.5,407.5,18.1,,25.15,45.0,135.5,26.3,12.35,17.0,25.0625,60.7,294.441176470588,333.5,29.2833333333333,41.0803571428571,30.55,19.95,27.95,415.0,258.5,286.5,44.6,11.9814814814815,159.833333333333,,28.0514705882353,88.8472222222222,19.7,,330.083333333333,265.676470588235,24.5,17.0227272727273,130.35,38.5,19.8,21.7794117647059,69.8,24.7,234.5,151.25,25.115,51.7,87.4,207.0,60.1125,109.0,76.6666666666667,242.5,63.9151515151515,11.2522727272727,110.0,175.0,29.2,29.2764705882353,69.9,290.0,251.458333333333,222.125,43.3666666666667,48.75,13.4027777777778,31.9446428571429,9.73,16.45,15.2583333333333,37.7111111111111,204.0,18.2454545454545,32.75,11.3,25.6963414634146,11.96,11.15,11.15,19.3483552631579,45.2025,44.45,10.0,24.1875,17.65,28.05,14.25,8.81842105263158,11.6,20.465,21.4,284.5,76.4,4570.0,92.12,199.5,99.7,111.5,51.6,25.1,466.0,238.0,10.075,122.75,59.3,8.34,40.0785714285714,31.5,74.3,67.8,59.4,140.5,114.0,59.4,37.45,132.0,20.05,8.19030769230769,106.5,74.9,103.65625,82.4,620.0,285.5,495.5,226.0,130.5,114.5,274.5,242.0,37.25,236.5,173.0,86.8,217.0,46.95,78.2,116.5,42.85
41.38,40.95,71.86,51.2,108.5,77.38,11.8581967213115,44.5005102040816,109.0,32.35,35.95,430.5,212.0,22.748275862069,115.125,407.5,18.1,,25.15,44.95,135.5,26.3,12.35,17.0,25.05,60.7,294.5,333.5,29.25,41.065,30.55,19.95,27.95,414.0,258.5,286.5,44.5833333333333,11.9636363636364,160.0,,28.1,88.8238095238095,19.725,,330.0,265.541666666667,24.5006082725061,17.0272727272727,130.125,38.5,19.7875,21.75,69.8,24.7,234.5,151.25,25.115,51.7,87.4,207.0,60.15,108.5625,76.7,242.5,63.9,11.25,109.975,175.0,29.2,29.2933333333333,69.9,290.0,251.1,221.723039215686,43.4,48.75,13.4,32.020725388601,9.73,16.4954545454545,15.275,37.7,204.0,18.2,32.75,11.3,25.6948275862069,11.9513698630137,11.15,11.15,19.3,45.2333333333333,44.45,10.0277777777778,24.1958333333333,17.65,28.05,14.25,8.81964285714286,11.6,20.4674418604651,21.4,284.5,76.4,4570.0,92.0,199.5,99.8722222222222,111.5,51.64,25.1018248175182,464.255813953488,237.5,10.05,122.625,59.3,8.33363636363636,40.05,31.5,74.3,67.8,59.4,140.5,114.1,59.4,37.4,132.0,20.0541666666667,8.18962962962963,106.5,75.0,103.772727272727,82.34,620.0,285.5,495.5,226.0,130.5,114.5,274.5,242.0,37.2,236.5,173.0,86.8,217.333333333333,46.95,78.14,116.5,42.85
41.357251908397,40.9291666666667,71.9352941176471,51.2,108.5,77.4,11.85,44.5,109.0,32.35,35.95,430.5,212.0,22.73,115.0,407.5,18.1006172839506,,25.15,44.95,135.5,26.3,12.35,17.0,25.1,60.7,294.5,333.5,29.2934782608696,41.05,30.55,19.95,27.95,414.0,258.5,286.5,44.5421052631579,11.9523809523809,159.833333333333,,28.0526119402985,88.8,19.725,,329.586956521739,265.634615384615,24.5,17.0153846153846,130.0,38.5,19.75,21.75,69.8,24.7,234.5,151.25,25.1166666666667,51.7,87.4,207.0,60.1,108.5,76.65,242.5,63.9,11.25,110.0,175.0,29.1980769230769,29.2888888888889,69.9,289.75,251.357142857143,220.987719298246,43.3572916666667,48.75,13.4,32.2733333333333,9.73,16.4954545454545,15.2538461538462,37.7,204.0,18.2,32.75,11.3,25.7,11.9519230769231,11.15,11.15,19.3,45.2,44.4,10.0,24.2,17.65,28.0884615384615,14.25,8.81911764705882,11.6,20.455078125,21.35,284.5,76.4,4578.63636363636,92.0,199.65,99.992,111.5,51.6,25.1,464.777777777778,237.714285714286,10.1,123.0,59.2,8.33736842105263,40.0727272727273,31.5,74.2166666666667,67.8,59.3153846153846,140.571428571429,114.3,59.2056603773585,37.4,132.0,20.055,8.18,106.0,75.0,103.56,82.3538461538462,620.0,285.5,495.5,226.0,130.5,114.5,274.5,242.0,37.25,236.5,173.0,86.8,217.0,46.95,78.14,116.5,42.85
41.3717741935484,40.93125,71.9,51.2,108.5,77.4,11.85,44.4857142857143,109.0,32.35,35.95,430.5,212.0,22.7952380952381,115.0,407.5,18.1,,25.15,44.95,135.5,26.3,12.35,17.0,25.1,60.7,294.5,333.5,29.2666666666667,41.05,30.55,19.95,27.95,414.0,258.5,286.5,44.5,11.95,159.833333333333,,28.0308988764045,88.798275862069,19.7384615384615,,329.5,265.510416666667,24.5,17.0153846153846,130.0,38.5,19.75,21.7,69.9,24.7,234.0,151.0,25.1,51.6,87.4,207.0,60.1,108.5,76.62,242.5,63.9,11.2529411764706,110.0,175.0,29.2,29.2979591836735,69.9,290.0,251.25,220.875,43.35,48.75,13.4064102564103,32.2,9.73076923076923,16.5,15.275,37.7,204.0,18.2,32.7,11.3,25.6973684210526,11.9529411764706,11.15,11.15,19.3375,45.21875,44.4138888888889,10.0,24.1978260869565,17.65,28.0722222222222,14.2666666666667,8.81316455696203,11.6,20.4758620689655,21.35,284.5,76.4,4578.63636363636,92.0785714285714,199.8,99.98125,111.5,51.6909090909091,25.0962365591398,463.794871794872,237.75,10.0916666666667,123.0,59.2,8.34137931034483,40.05,31.5,74.2,67.85,59.3,140.079185520362,114.0,59.2736842105263,37.4,132.0,20.05,8.17378787878788,106.0,75.0,103.5,82.0802816901409,620.0,285.0,495.5,226.0,130.5,114.5,274.5,242.0,37.25,236.5,173.0,86.8,217.0,46.95,78.2,116.5,42.84
41.4,40.9194444444445,71.9,51.2,108.5,77.3909090909091,11.85,44.4,109.0,32.35,35.9333333333333,430.0,212.0,22.8,115.5,407.5,18.1,,25.1,44.95,135.5,26.3,12.35,17.0,25.1,60.7,294.5,333.5,29.25,41.05,30.55,19.95,27.95,414.0,258.5,286.5,44.57,11.9912195121951,159.625,,28.05,88.8,19.7,,329.5,265.525,24.5,17.0018450184502,130.25,38.5,19.75,21.75,69.9,24.7,234.0,151.5,25.1,51.6333333333333,87.4,207.0,60.1,108.6875,76.54,242.5,63.9,11.2925,110.0,174.833333333333,29.15,29.2833333333333,69.9,290.0,251.0,220.981481481482,43.4,48.75,13.4218181818182,32.2,9.73,16.5,15.25,37.7119047619048,204.0,18.2,32.7,11.3,25.6965517241379,12.0,11.15,11.15,19.303125,45.2485,44.4222222222222,10.0,24.196511627907,17.65,28.06,14.25625,8.81071942446043,11.6,20.4958333333333,21.35,284.5,76.4,4578.63636363636,92.15,199.888888888889,99.9,111.5,51.7,25.0725409836066,464.4375,237.583333333333,10.0530303030303,122.833333333333,59.2,8.33166666666667,40.05,31.5,74.2,67.85,59.3166666666667,139.107638888889,114.125,59.2125,37.4,132.0,20.0542553191489,8.16173913043478,106.0,74.9,103.5,82.0,620.0,284.833333333333,497.0,226.0,130.75,114.5,274.5,242.5,37.3,236.5,173.0,86.8,217.0,46.95,78.2,116.5,42.8
41.3954954954955,40.8975903614458,71.9181818181818,51.2,108.5,77.3833333333333,11.8333333333333,44.4,109.0,32.35,35.9333333333333,430.0,212.0,22.7666666666667,115.5,407.5,18.1,,25.1,44.95,135.5,26.2,12.35,17.03,25.1,60.7,294.5,333.5,29.2458333333333,41.05,30.55,19.95,27.95,414.0,258.5,286.5,44.55,11.9510869565217,159.875,,28.0519230769231,88.8115384615384,19.7458333333333,,329.666666666667,265.535714285714,24.5,16.9918886198547,130.0,38.5,19.75,21.75,69.9,24.7,234.0,151.5,25.15,51.6333333333333,87.4,207.0,60.1,108.5,76.6,242.5,63.8967741935484,11.2583333333333,109.947368421053,174.6,29.148,29.285,69.9,290.0,251.0,220.984848484849,43.4,48.775,13.4,32.2,9.74,16.45,15.2555555555556,37.6985294117647,204.0,18.24,32.75,11.3,25.6957317073171,12.0,11.15,11.15,19.3464646464646,45.25,44.4,10.0,24.1909090909091,17.65,28.0875,14.25,8.81,11.6,20.4537878787879,21.35,284.5,76.4,4578.63636363636,92.24375,199.777777777778,99.96,111.5,51.7,25.0548128342246,465.210526315789,237.75,10.05,122.75,59.2,8.33,40.0791666666667,31.5,74.2,67.85,59.3166666666667,139.0,114.0,59.1333333333333,37.4,132.0,20.05,8.1672972972973,106.0,74.9,103.5,82.0666666666667,620.0,284.5,497.0,226.0,130.5,114.5,274.5,242.5,37.3,236.5,173.0,86.8,217.0,46.95,78.1,116.5,42.8
41.3690476190476,40.85,71.9285714285714,51.2,108.5,77.4,11.8333333333333,44.3892857142857,109.0,32.35,35.9333333333333,430.0,212.0,22.8,115.5,407.5,18.1,,25.1,44.95,135.5,26.2,12.35,17.0,25.05,60.7,294.25,333.5,29.2083333333333,41.0486111111111,30.55,19.95,27.95,414.0,258.5,286.5,44.5444444444445,11.9617647058824,160.0,,28.05,88.8,19.7272727272727,,330.0,265.501162790698,24.5179738562091,16.99375,130.2,38.5,19.75,21.75,69.9,24.65,234.416666666667,151.5,25.155,51.6333333333333,87.4,207.0,60.1,108.5625,76.6,242.0,63.9,11.25,109.95,174.833333333333,29.1463414634146,29.2636363636364,69.9,290.0,251.0,221.0,43.35,48.775,13.4,32.1,9.73714285714285,16.45,15.2760869565217,37.6547619047619,204.0,18.24,32.75,11.3,25.7,12.0,11.15,11.15,19.3,45.25,44.4,10.0,24.1625,17.65,28.05,14.25,8.81,11.6454545454545,20.45,21.4,284.5,76.4,4578.63636363636,92.2,199.75,99.8333333333333,111.5,51.6,25.0503521126761,465.846153846154,238.0,10.05,122.666666666667,59.2,8.33,40.05,31.475,74.2,67.85,59.3,139.0,114.333333333333,59.1081081081081,37.4,132.0,20.05,8.16345454545455,106.0,74.9,103.5,82.2,620.0,284.5,497.0,226.0,130.833333333333,114.5,275.0,242.5,37.3,236.5,173.25,86.8,217.0,46.95,78.0,116.5,42.8
41.3841463414634,40.8368421052632,71.9125,51.2,108.5,77.4,11.85,44.4052631578947,109.0,32.35,35.95,430.0,212.0,22.8,115.5,407.5,18.1,,25.1,44.95,135.5,26.2,12.3045454545455,17.0,25.05,60.7,294.5,333.5,29.20625,41.0,30.55,19.95,27.95,414.0,258.5,286.5,44.55,11.9722222222222,159.875,,28.024,88.8,19.7,,330.0,265.506756756757,24.5,16.9501773049645,130.0,38.5,19.753125,21.725,69.9,24.65,234.416666666667,151.5,25.155,51.6,87.3030303030303,207.0,60.1,108.125,76.55,242.0,63.9142857142857,11.2741935483871,110.0,174.5,29.115,29.2868421052632,69.9,290.0,251.0,221.0,43.3558823529412,48.775,13.4,32.1375,9.73714285714285,16.45,15.2575,37.66875,204.0,18.24,32.75,11.3,25.6633333333333,12.0,11.15,11.1666666666667,19.3,45.25,44.4,10.0016666666667,24.15,17.6921875,28.05,14.25,8.81,11.6454545454545,20.4518072289157,21.4,284.5,76.4,4578.63636363636,92.225,199.857142857143,99.8,111.5,51.6,25.055,465.294117647059,237.8125,10.05,122.833333333333,59.2,8.34,40.05,31.475,74.2,67.85,59.3714285714286,139.40625,114.5,59.2333333333333,37.4,132.0,20.05,8.17,106.5,74.9,103.5,82.25,620.0,284.5,497.0,226.0,130.513333333333,114.5,275.0,242.5,37.3,236.5,173.5,86.8,217.083333333333,46.9833333333333,78.03,116.5,42.8
41.3789473684211,40.7823979591837,71.9125,51.2,108.5,77.3666666666667,11.85,44.45,109.0,32.35,35.95,430.0,212.0,22.8389830508475,115.0,407.5,18.1,,25.1,44.975,135.5,26.2,12.3045454545455,17.0,25.05,60.7,293.984126984127,333.5,29.25,41.0,30.55,19.95,27.95,414.0,258.5,286.0,44.55,11.9565217391304,159.5,,28.0,88.775,19.725,,329.636363636364,265.5,24.4683908045977,16.9,130.0,38.5,19.75,21.7,69.9,24.65,234.0,151.5,25.155,51.5617021276596,87.2090909090909,206.5,60.1,108.5,76.525,242.0,63.9,11.25,110.0,174.222222222222,29.1,29.2596774193548,69.9,290.055555555556,250.837209302326,220.9375,43.3461538461539,48.8,13.4,32.1375,9.73,16.45,15.2509554140127,37.65,204.0,18.2,32.75,11.3,25.7,11.95,11.15,11.16,19.3,45.2958333333333,44.425,10.0,24.15,17.6921875,28.05,14.25,8.80458333333334,11.6490196078431,20.4676470588235,21.4,284.5,76.4,4578.63636363636,92.2,199.5,99.78,111.833333333333,51.6125,25.0738095238095,464.5,237.9,10.1,122.5,59.10625,8.34,40.05,31.5,74.2,67.9,59.3,139.357142857143,114.333333333333,59.2833333333333,37.4,132.0,20.0521739130435,8.1678125,106.5,74.9,103.5,82.25,620.0,284.5,497.0,226.0,130.428571428571,114.5,275.0,242.5,37.2967741935484,236.5,173.5,86.8,217.083333333333,46.95,78.03,116.5,42.8
41.3623456790124,40.75,71.825,51.2,108.5,77.4,11.85,44.49,109.0,32.35,35.95,430.0,212.0,22.85,115.0,407.75,18.1,,25.1,44.975,135.5,26.2,12.3045454545455,17.0076923076923,25.1,60.7,293.666666666667,333.5,29.2166666666667,41.0,30.55,19.95,27.95,414.0,258.5,286.0,44.4968085106383,11.9759259259259,159.933333333333,,27.9844594594595,88.7,19.7,,330.0,265.5,24.4682089552239,16.9441176470588,130.0,38.5,19.775,21.7120689655172,69.8333333333333,24.65,234.0,151.0,25.1541666666667,51.5617021276596,87.2,206.5,60.1,108.5,76.6,242.5,63.8,11.25,109.916666666667,174.5,29.1,29.26,69.9,290.0,250.442307692308,220.503731343284,43.3,48.8,13.3989795918367,32.1375,9.73,16.45,15.25,37.6448275862069,204.0,18.2,32.75,11.3,25.7,12.0,11.2,11.16,19.3,45.3,44.45,10.0,24.175,17.65,28.0625,14.2994444444444,8.80863354037267,11.6,20.4538461538462,21.3571428571429,284.0,76.4,4578.63636363636,92.175,199.42,99.6666666666667,111.833333333333,51.6125,25.0842105263158,464.5,237.5,10.0545454545455,122.5,59.125,8.33666666666667,40.05,31.5,74.2,67.9,59.3,139.0,114.5,59.1058823529412,37.4,132.0,20.0576923076923,8.17,106.5,74.9,103.45,82.22,620.0,285.0,497.0,226.5,130.166666666667,114.5,275.0,242.5,37.2708333333333,236.5,173.5,86.8,216.875,46.9875,78.0285714285714,116.5,42.8
41.378,40.75,71.825,51.2,108.5,77.4,11.8496183206107,44.475,108.571428571429,32.35,35.95,430.0,212.0,22.85,115.0,408.0,18.1,,25.1,44.95,135.5,26.2,12.3,17.0423076923077,25.05,60.7,293.5,333.5,29.2,41.001724137931,30.55,19.95,27.95,414.0,258.5,286.0,44.4968085106383,11.9615384615385,159.795454545455,,27.9,88.7068376068376,19.7018518518519,,329.914634146342,265.512987012987,24.4220430107527,16.945253164557,130.0,38.5,19.75,21.7120689655172,69.85,24.65,234.0,151.5,25.15,51.5,87.2,206.5,60.1,108.5,76.6,242.5,63.9,11.25,109.954545454545,174.5,29.0966666666667,29.2517857142857,69.9,290.0,250.0,220.318181818182,43.302380952381,48.77,13.3970588235294,32.1375,9.74,16.45,15.25,37.621875,204.0,18.2,32.75,11.3125,25.7,12.0,11.2,11.16,19.3,45.3,44.4369565217391,10.0,24.15,17.65,28.0954545454545,14.25,8.80913580246914,11.6,20.4526315789474,21.35,284.0,76.4,4580.0,92.2,199.5,99.7285714285714,111.5,51.6125,25.0555555555556,465.071428571429,237.625,10.05,122.5,59.2,8.33,40.05,31.5,74.2,67.9,59.3,139.0,114.125,58.9688888888889,37.4,131.75,20.0692307692308,8.16125,106.1,74.9,103.5,82.1,620.0,285.0,497.0,226.5,130.0625,114.5,275.0,242.5,37.3272727272727,236.5,173.5,86.8,216.5,46.95,78.0285714285714,116.5,42.775
41.3524182076814,40.7136363636364,71.8,51.2,108.5,77.3857142857143,11.85,44.5208333333333,108.833333333333,32.35,35.95,430.0,212.0,22.8,115.0,408.0,18.1,,25.1,45.0,135.5,26.2,12.3,17.0,25.0975409836066,60.7,293.5,333.5,29.2,41.0,30.55,19.95,27.95,414.0,258.5,286.0,44.55,11.9615384615385,160.0,,27.8996153846154,88.6636363636363,19.7052631578947,,330.0,265.515625,24.4386666666667,16.9222222222222,130.333333333333,38.5,19.75,21.7,69.85,24.6954545454545,234.0,151.5,25.15,51.6,87.2,206.5,60.1,108.5,76.51,242.5,63.9,11.2653846153846,109.852941176471,174.5,29.1,29.2666666666667,69.9,290.0,249.5,220.588785046729,43.3,48.77,13.4,32.05,9.736,16.45,15.25,37.6038461538462,204.0,18.2,32.75,11.3,25.7,12.0,11.1519230769231,11.16,19.3,45.2785714285714,44.41,10.0024193548387,24.175,17.65,28.06875,14.25,8.81,11.6,20.4581632653061,21.4,284.0,76.5,4580.0,92.1,199.5,99.6285714285714,112.0,51.7,25.05,465.0,237.875,10.0571428571429,122.5,59.2,8.33,40.05,31.45,74.2666666666667,67.9,59.3,139.5,114.375,58.7291044776119,37.4,131.75,20.05,8.17,106.1,74.9,103.5,82.1,620.0,285.0,497.0,226.0,130.083333333333,114.5,275.0,242.5,37.35,236.5,173.5,86.8,216.5,46.95,77.95,116.5,42.775
41.353305785124,40.7321428571429,71.8,51.1,108.5,77.4,11.85078125,44.5178571428572,109.0,32.375,35.9583333333333,430.0,212.0,22.825,115.0,407.5,18.1,,25.1,44.9833333333333,135.5,26.2,12.3,17.0,25.0625,60.6,293.666666666667,333.5,29.2,41.0,30.55,19.95,27.95,414.0,258.5,286.333333333333,44.55,11.9555555555556,159.75,,27.8996323529412,88.6404761904762,19.75,,330.0,265.5,24.4482993197279,16.9066666666667,130.0,38.5,19.75,21.7166666666667,69.8,24.7,234.0,151.5,25.15,51.5,87.2,206.6,60.1,108.5,76.55,242.0,63.9,11.25,110.0,174.5,29.1,29.25,69.9,289.5,249.625,221.0,43.3,48.77,13.4238095238095,32.0083333333333,9.73,16.45,15.25,37.6,204.0,18.2,32.75,11.3,25.6857142857143,11.9583333333333,11.1519230769231,11.16,19.3,45.25,44.45,10.0,24.15,17.67,28.05,14.25,8.805,11.6,20.45,21.35,284.0,76.5,4585.0,92.1,199.333333333333,99.72,111.5,51.7,25.0857894736842,465.0,237.5,10.1,123.0,59.2,8.33769230769231,40.05,31.45,74.2333333333333,67.9,59.3,139.0,114.0,58.5488888888889,37.4,131.75,20.0714285714286,8.17,106.0,74.9,103.5,82.1,620.0,285.0,497.0,226.0,130.0,114.5,275.0,242.5,37.4,236.5,173.0,86.8,216.5,46.9625,78.0,116.5,42.8
41.35,40.7105263157895,71.8,51.2,108.5,77.4,11.8805555555556,44.5125,109.0,32.35,35.9583333333333,430.0,212.0,22.80625,115.0,407.5,18.1,,25.1,44.9833333333333,135.5,26.2,12.3,17.0,25.05,60.6,293.818181818182,333.5,29.2,41.0,30.55,19.95,27.95,414.0,258.5,286.333333333333,44.5666666666667,11.9545454545455,159.775862068966,,27.91625,88.6989583333333,19.725,,330.0,265.5,24.4735785953177,16.95,130.0,38.5,19.75,21.7,69.8,24.65,234.0,151.5,25.1178571428571,51.5,87.2,206.423076923077,60.1,108.3125,76.6,242.0,63.9,11.2525,109.916666666667,174.0,29.0941176470588,29.2857142857143,69.9,289.8,249.5,221.5,43.26,48.7,13.412,32.0,9.735,16.45,15.264,37.6471428571429,203.5,18.2,32.75,11.3,25.6934782608696,11.9583333333333,11.1519230769231,11.16,19.3071428571429,45.25,44.4,10.0,24.1944444444444,17.67,28.0894736842105,14.25,8.81,11.65,20.45,21.4,284.0,76.5,4585.0,92.1,199.5,99.7,111.5,51.7,25.05,465.0,237.571428571429,10.05,123.0,59.2,8.33,40.05,31.45,74.2,67.8,59.3,139.066666666667,114.2,58.6285714285714,37.4,131.75,20.075,8.17263157894737,106.0,74.9,103.5,82.1,620.0,284.5,497.0,226.0,130.25,114.5,275.0,242.333333333333,37.4,236.5,173.5,86.8,217.5,46.95,77.95,116.5,42.8
41.3085874799358,40.7013274336283,71.8857142857143,51.2,108.5,77.4,11.85,44.5,109.0,32.35,35.95,430.0,212.0,22.80625,115.0,407.5,18.1,,25.15,44.9833333333333,135.5,26.2,12.3,17.0,25.05,60.6,293.833333333333,333.5,29.2,40.998097826087,30.55,19.95,27.95,414.0,258.5,286.333333333333,44.6,11.975,159.5,,27.9333333333333,88.7195121951219,19.7,,330.0,265.5,24.4698529411765,16.95,130.0,38.45,19.75,21.7,69.85,24.7,234.5,151.5,25.1,51.5,87.2,206.0,60.1,108.5,76.51,242.0,63.9,11.25,109.875,174.5,29.0916666666667,29.2716666666667,69.9,290.0,249.5,221.47619047619,43.3,48.7,13.4014285714286,32.0545454545454,9.74,16.45,15.25,37.6236842105263,203.5,18.2,32.7333333333333,11.325,25.6833333333333,11.9625,11.1519230769231,11.16,19.33125,45.25,44.4,10.0,24.15,17.6833333333333,28.05,14.2666666666667,8.8075,11.6,20.4535714285714,21.4,284.0,76.5,4585.0,92.1,199.25,99.7333333333333,111.833333333333,51.7,25.0506622516556,465.9,237.6,10.0833333333333,122.5,59.2,8.33,40.05,31.45,74.2,67.8,59.3,139.0,114.25,58.5814814814815,37.4,131.75,20.05,8.16333333333333,106.0,74.9,103.694444444444,82.0,620.0,284.5,497.0,226.0,130.166666666667,114.0,275.0,242.333333333333,37.45,236.5,173.5,86.8,217.5,46.975,77.9666666666667,116.5,42.8
41.3016891891892,40.725,71.82,51.2,108.75,77.4,11.85,44.5,108.722222222222,32.3666666666667,35.95,430.0,212.0,22.80625,115.0,407.5,18.05,,25.15,44.9833333333333,135.5,26.2,12.3,17.0,25.05,60.6,294.0,333.5,29.2357142857143,41.0,30.55,19.95,27.95,414.0,258.5,286.333333333333,44.6,11.9545454545455,159.5,,27.9054285714286,88.71,19.7,,330.333333333333,265.585714285714,24.4543269230769,16.95,130.166666666667,38.45,19.75,21.7,69.85,24.6875,234.928571428571,151.5,25.1,51.4,87.1666666666667,206.0,60.1,108.5,76.5333333333333,242.0,63.9,11.25,110.0,174.5,29.065,29.25,69.9,290.0,249.5,221.25,43.3,48.7,13.4,32.0888888888889,9.74,16.45,15.25,37.6472222222222,203.5,18.2,32.7125,11.3,25.7,11.9535714285714,11.1519230769231,11.16,19.31,45.25,44.4,10.0,24.1666666666667,17.6833333333333,28.075,14.3,8.81,11.6,20.4547619047619,21.3928571428571,284.0,76.4,4585.0,92.0,199.333333333333,99.7333333333333,111.833333333333,51.6,25.0509259259259,466.166666666667,237.636363636364,10.0625,122.75,59.1666666666667,8.33367088607595,40.05,31.498,74.2,67.8,59.1938271604938,139.0,114.25,58.62,37.4,131.75,20.0554054054054,8.17,106.0,74.9,103.5,82.08,620.0,284.5,497.0,226.0,130.428571428571,114.0,275.0,242.166666666667,37.4,236.5,173.5,86.8,217.5,46.95,77.9,116.5,42.8
41.2743929359823,40.75,71.85,51.2,108.5,77.4,11.85,44.5166666666667,109.0,32.4097682119205,35.95,430.0,212.0,22.8,115.0,407.5,18.1,,25.15,44.95,135.5,26.2,12.3,17.025,25.05,60.6,293.833333333333,333.5,29.25,41.0357142857143,30.55,19.95,27.95,414.0,258.5,286.0,44.5666666666667,11.9666666666667,159.5,,27.9,88.7,19.7,,330.346153846154,265.722222222222,24.428125,16.95,130.0,38.45,19.75,21.7,69.9904761904762,24.6882352941176,234.928571428571,151.0,25.1,51.4,87.2,206.142857142857,60.1,108.394736842105,76.6,242.0,63.9,11.25,110.0,174.0,29.1,29.2590909090909,69.9,290.0,249.5,221.083333333333,43.3,48.75,13.4027777777778,32.1,9.74,16.4375,15.25,37.6321428571429,203.5,18.2,32.7125,11.35,25.65,11.9916666666667,11.1519230769231,11.2,19.3,45.25,44.4,10.0,24.1722222222222,17.7,28.06,14.275,8.80851694915254,11.6,20.4601694915254,21.4,284.0,76.4,4585.0,92.0,199.333333333333,99.7714285714286,111.666666666667,51.7,25.05,465.5,237.5,10.1,123.0,59.2,8.332,40.05,31.5,74.2,67.8,59.15,138.9375,114.007352941176,58.6,37.4,131.75,20.09375,8.1730303030303,106.0,74.9,103.5,82.1,620.0,284.5,497.0,226.0,130.25,114.0,275.0,242.166666666667,37.4458333333333,236.5,173.5,86.8,217.0,46.975,77.9,116.5,42.8
41.2529126213592,40.75,71.9,51.2,108.5,77.4,11.85,44.5035714285714,108.666666666667,32.4495098039216,35.95,430.0,212.0,22.825,115.0,407.5,18.0907692307692,,25.15,44.95,135.5,26.2,12.3,17.0,25.095,60.6,293.5,333.0,29.2,41.01,30.55,19.9,27.95,414.0,258.5,286.0,44.575,11.9615384615385,160.0,,27.9,88.6771428571429,19.71375,,329.798387096774,265.543859649123,24.4431818181818,16.925,130.0,38.45,19.775,21.65375,69.9,24.6882352941176,234.928571428571,151.0,25.1,51.4,87.2166666666667,206.0,60.1,108.004032258065,76.6,242.0,63.9,11.25,110.0,174.5,29.05,29.2528846153846,69.9,290.0,250.0,221.0,43.3,48.75,13.4461224489796,32.1,9.73030303030303,16.445,15.253125,37.6318181818182,203.5,18.2,32.7125,11.35,25.68125,12.0,11.1519230769231,11.2,19.3,45.25,44.4,10.0,24.17,17.7,28.05,14.275,8.81116279069768,11.6,20.4568181818182,21.4,284.0,76.4,4585.0,92.0,198.980769230769,99.8,111.666666666667,51.65,25.0506493506494,465.090909090909,237.5,10.0958333333333,122.75,59.2,8.33888888888889,40.05,31.5,74.2,67.8,59.15,138.972222222222,113.962962962963,58.5592592592593,37.4,131.75,20.05,8.17,106.0,74.9,103.5,82.02,620.0,284.5,497.0,226.0,130.5,114.0,275.0,242.0,37.45,236.5,173.5,86.8,216.5,46.95,77.9166666666667,116.5,42.8
41.2097240473062,40.7098214285714,71.8722222222222,51.2,108.5,77.4,11.85,44.555,108.833333333333,32.45,35.95,430.0,212.0,22.825,115.0,408.0,18.1,,25.15,45.0,135.5,26.2,12.3,17.0,25.05,60.6,293.5,333.0,29.2,41.0,30.55,19.95,27.95,413.0,258.5,286.0,44.575,11.9555555555556,160.0,,27.9,88.601976284585,19.7,,329.6,265.775,24.4148351648352,16.9142857142857,130.0,38.45,19.75,21.68125,69.8,24.6882352941176,234.928571428571,151.0,25.05,51.4,87.1027777777778,206.0,60.0944444444445,107.62962962963,76.6,242.0,63.9125,11.2935344827586,110.0,174.5,29.0411870503597,29.22,69.9,290.0,249.875,220.96875,43.3,48.75,13.4045454545455,32.1,9.73,16.445,15.2541666666667,37.6,203.5,18.2,32.7125,11.3416666666667,25.65,11.9534722222222,11.1519230769231,11.2,19.3,45.25,44.42,10.0,24.185,17.65,28.0672413793103,14.3,8.81,11.6,20.5,21.4,284.0,76.4,4585.0,92.11,199.0,99.7,111.833333333333,51.6666666666667,25.0534722222222,463.882352941177,237.444444444444,10.0560975609756,122.5,59.2,8.33888888888889,40.03125,31.5,74.2,67.7,59.1636363636364,138.767857142857,113.5,58.3977272727273,37.4,131.75,20.05,8.16904761904762,106.0,74.9,103.5,82.0,620.0,284.5,497.0,226.0,130.0,114.0,275.0,242.2,37.45,237.0,173.5,86.8,216.5,46.95,77.95,116.5,42.8
41.1766935483871,40.75,71.8333333333333,51.2,108.583333333333,77.4,11.85,44.4833333333333,108.7,32.4428571428571,35.95,430.0,212.0,22.825,115.0,408.0,18.1,,25.1,45.0,135.5,26.2,12.3,17.0,25.052380952381,60.6,293.428571428571,333.0,29.2,41.0,30.55,19.95,27.95,413.0,258.5,285.5,44.575,11.96875,160.0,,27.9,88.5014705882353,19.7166666666667,,329.5,265.515625,24.4141509433962,16.9,130.0,38.45,19.75,21.65,69.8923076923077,24.6882352941176,234.928571428571,151.0,25.0032051282051,51.4,87.2666666666667,206.5,60.025,107.95,76.55,242.0,63.9,11.2512195121951,109.75,174.5,29.0319672131148,29.2005263157895,69.9,290.0,250.0,220.947368421053,43.3,48.775,13.4,32.1,9.73,16.445,15.2519736842105,37.6111111111111,203.5,18.225,32.75,11.3416666666667,25.65,11.98,11.1519230769231,11.2,19.3,45.3,44.42,10.0,24.1625,17.7,28.05,14.275,8.81,11.6,20.455,21.4,284.0,76.4,4585.0,92.2238095238095,198.833333333333,99.6666666666667,111.833333333333,51.6666666666667,25.05,462.69,237.0,10.05,122.5,59.2,8.34,40.0,31.5,74.2,67.7,59.1421052631579,139.0,113.5,58.246511627907,37.4,131.75,20.05,8.16117647058823,106.0,74.9,103.428571428571,82.0,620.0,284.5,497.0,226.0,130.444444444444,114.0,275.0,242.2,37.4395833333333,237.0,173.5,86.8,216.833333333333,46.9833333333333,77.9,116.5,42.8
41.1380136986301,40.7107142857143,71.86,51.2,108.5,77.4,11.8,44.51875,109.0,32.4,35.95,430.0,212.0,22.8,115.0,408.0,18.1,,25.1,45.0,135.5,26.2,12.3480769230769,17.0,25.1,60.6,293.5,333.0,29.2125,40.9969387755102,30.55,19.95,27.95,413.0,258.5,285.5,44.6,11.9666666666667,160.0,,27.9,88.5,19.7,,329.5,265.5,24.4442906574395,16.8991452991453,130.0,38.45,19.75,21.6513513513513,69.8,24.7,234.928571428571,151.0,24.9697674418605,51.3375,87.3,206.0,60.0066666666667,107.583333333333,76.6,242.0,63.9,11.2611111111111,110.0,174.5,29.0076923076923,29.1568571428571,69.9,290.0,250.0,220.958333333333,43.2931818181818,48.775,13.4,32.05,9.73,16.45,15.2453488372093,37.625,203.5,18.225,32.75,11.325,25.65,11.9553571428571,11.1519230769231,11.2,19.3413793103448,45.25,44.425,10.0,24.1510869565217,17.7,28.05,14.2666666666667,8.80893442622951,11.6,20.4963302752294,21.36,284.0,76.4,4585.0,92.1952380952381,199.0,99.7333333333333,111.5,51.6,25.05,460.415841584158,237.357142857143,10.05,122.5,59.15,8.338,40.04375,31.5,74.2,67.7,59.1390243902439,138.958333333333,113.642857142857,57.989156626506,37.4,131.75,20.05,8.17,105.9,74.9,103.388888888889,81.9,620.0,284.5,497.0,225.5,130.444444444444,114.0,275.0,242.0,37.4395833333333,237.0,173.5,86.8,216.5,46.98,77.9,116.5,42.8
41.1523706896552,40.725,71.9,51.2,108.625,77.4,11.81875,44.4714285714286,109.0,32.4,35.95,429.1,212.0,22.8,115.0,408.4,18.1,,25.1,44.95,135.5,26.2,12.3,17.0,25.1,60.6,293.5,333.0,29.2055555555555,40.9714285714286,30.55,19.95,27.95,413.0,258.5,285.5,44.6,11.95,159.833333333333,,27.9,88.5,19.7357142857143,,329.529411764706,265.512195121951,24.45,16.8516304347826,130.0,38.45,19.75,21.65,69.8,24.7,234.5,151.0,24.9,51.3,87.2666666666667,206.166666666667,60.0,108.0,76.6,242.0,63.7967213114754,11.25,109.96875,174.125,29.0071428571429,29.1321428571429,69.9,290.0,250.0,221.0,43.25,48.75,13.4,32.05,9.73,16.45,15.2,37.6,203.5,18.225,32.75,11.3,25.65,11.9548387096774,11.1519230769231,11.2,19.3390625,45.3,44.45,10.0,24.1521276595745,17.65,28.05,14.25,8.80984615384615,11.6,20.4671875,21.35,284.25,76.4,4585.0,92.2448275862069,199.0,99.6083333333333,111.5,51.6,25.0519841269841,461.216216216216,237.4,10.0579365079365,122.5,59.2,8.34,40.0416666666667,31.5,74.3,67.7,59.1333333333333,138.964285714286,113.5,58.1,37.4,132.0,20.05,8.16975308641975,106.0,74.9,103.416666666667,81.9928571428572,620.0,284.5,497.0,225.5,130.5,114.0,275.0,242.0,37.5,237.0,173.5,86.8,217.0,46.95,77.9375,116.5,42.8
41.2030303030303,40.75,71.825,51.2,108.5,77.5,11.8,44.4666666666667,108.75,32.4,35.95,428.071428571429,212.0,22.8,115.0,408.4,18.1,,25.1,44.95,135.5,26.2,12.3,17.0,25.1,60.6,293.571428571429,333.0,29.2,40.95,30.55,19.95,27.95,413.0,258.5,285.5,44.6,11.9611111111111,160.0,,27.8982142857143,88.6,19.7,,329.961538461538,265.7,24.45,16.85,130.0,38.45,19.75,21.61625,69.8,24.7,234.5,151.0,24.92,51.3,87.275,206.5,60.0,108.0,76.6,242.0,63.7033898305085,11.2583333333333,110.0,174.125,29.0038461538462,29.1451612903226,69.9,290.0,250.0,220.972222222222,43.2373493975904,48.7666666666667,13.4,32.05,9.73,16.45,15.2,37.6,203.5,18.225,32.75,11.3,25.65,12.0,11.2,11.15,19.3071428571429,45.25,44.45,10.0,24.15,17.65,28.0741935483871,14.2625,8.81,11.6,20.5,21.38,284.25,76.4,4585.0,92.3,198.666666666667,99.6,111.5,51.6,25.05,461.35,237.75,10.0666666666667,122.5,59.2,8.33,40.0,31.5,74.3,67.8,59.1,139.0,113.5,58.2090909090909,37.4,131.5,20.05,8.16833333333333,106.25,74.9,103.5,82.0,620.0,284.5,497.0,225.5,130.5,114.0,275.0,242.0,37.45,237.0,173.5,86.8,216.5,46.95,77.9375,116.5,42.8
41.2418181818182,40.71875,71.8,51.2,108.5,77.5,11.8,44.435,108.75,32.3833333333333,35.95,428.0,212.166666666667,22.8,115.0,408.4,18.1,,25.1,44.95,135.5,26.2,12.3,17.0,25.1,60.6,292.90099009901,333.0,29.2,40.96,30.55,19.95,27.95,413.5,258.5,285.5,44.55,11.95,159.5,,27.8739583333333,88.6208333333333,19.74,,330.0,265.630952380952,24.45,16.8598360655738,130.384615384615,38.45,19.75,21.6,69.8,24.6967391304348,234.5,151.0,24.95,51.3,87.3,206.2,60.05,108.0,76.55,242.0,63.7333333333333,11.25,110.0,174.0,29.0027777777778,29.1558333333333,69.9,289.5,250.0,221.0,43.2,48.7666666666667,13.4,32.1,9.72055555555556,16.45,15.2241935483871,37.6,203.5,18.25,32.75,11.35,25.6473684210526,12.0,11.2,11.15,19.3,45.25,44.45,10.0,24.1666666666667,17.65,28.05,14.25,8.81,11.6,20.4523809523809,21.38,284.25,76.4,4585.0,92.2777777777778,198.75,99.66,111.75,51.65,25.05,462.5,237.5,10.0988372093023,122.5,59.16,8.32030769230769,40.0,31.5,74.3,67.7,59.2,138.722222222222,113.5,58.4,37.5,131.5,20.05,8.16833333333333,106.25,75.0,103.5,82.0333333333333,620.0,284.5,497.0,225.5,130.458333333333,114.0,275.0,242.0,37.4916666666667,236.5,173.5,86.8,216.916666666667,46.95,77.8,116.5,42.75
41.2288888888889,40.7,71.9,51.2,108.5,77.475,11.8416666666667,44.3818181818182,108.583333333333,32.4,35.95,428.0,212.166666666667,22.8,115.166666666667,407.75,18.0954545454545,,25.1,44.95,135.5,26.2,12.3,17.0,25.1,60.6,293.071428571429,333.0,29.225,40.9884615384615,30.55,19.95,27.95,413.5,258.5,285.5,44.6,11.9760869565217,160.0,,27.9,88.6004950495049,19.734693877551,,330.0,265.764705882353,24.4444444444444,16.85,130.0,38.45,19.75,21.5958333333333,69.8,24.65,234.5,151.0,24.95,51.3,87.3,206.5,60.0,108.06,76.55,242.0,63.78,11.25,110.0,174.5,29.0166666666667,29.1444444444445,69.9,289.5,250.083333333333,221.111111111111,43.1833333333333,48.7666666666667,13.4,32.1,9.72,16.45,15.25,37.6,203.5,18.2,32.75,11.35,25.65,11.9928571428571,11.2,11.15,19.3029411764706,45.25,44.4045454545454,10.0,24.15,17.65,28.05,14.25,8.81,11.55,20.45,21.3944444444444,284.25,76.4,4585.0,92.3,199.0,99.6714285714286,111.75,51.65,25.05,463.257575757576,237.642857142857,10.05,122.5,59.2,8.32,40.01875,31.4928571428571,74.3,67.7923076923077,59.1,138.538461538462,113.714285714286,58.35,37.5,131.5,20.0520833333333,8.18,106.25,75.0,103.5,82.0666666666667,620.0,284.5,497.0,225.5,130.25,114.0,275.0,242.0,37.5,236.5,173.5,86.8,217.0,47.0,77.8,116.5,42.75
41.2396103896104,40.7166666666667,71.85,51.2925925925926,108.5,77.4,11.85,44.3821428571429,109.0,32.4,35.95,428.0,212.25,22.8,115.166666666667,408.0,18.1,,25.1,44.95,135.5,26.2,12.3,17.0,25.1,60.6,293.5,333.0,29.225,40.9666666666667,30.55,19.925,27.95,413.5,258.5,285.5,44.6,11.9888157894737,159.5,,27.9,88.556,19.725,,330.0,265.525641025641,24.4232323232323,16.9,130.0,38.45,19.75,21.6081632653061,69.8,24.65,234.5,151.0,24.95,51.3,87.22,206.333333333333,59.9997422680412,108.0,76.6,242.0,63.8,11.25,110.0,174.5,29.028,29.1833333333333,69.9,290.0,250.0,221.029411764706,43.1733333333333,48.75,13.4,32.1,9.72,16.45,15.25,37.6,203.5,18.2083333333333,32.75,11.347619047619,25.6445945945946,11.95,11.1833333333333,11.2,19.3,45.25,44.4065217391304,10.0416666666667,24.1569444444444,17.65,28.05,14.2833333333333,8.81135922330097,11.55,20.4508771929825,21.3875,284.0,76.4,4593.0,92.2,199.0,99.6,111.5,51.7,25.05,464.02,237.8,10.05,122.25,59.2,8.32,40.0441176470588,31.4928571428571,74.3,67.8,59.1,139.0,114.0,58.4,37.4833333333333,131.5,20.05,8.18,105.884615384615,74.9954545454545,103.4,82.05,620.0,284.5,497.0,225.5,130.071428571429,114.0,275.0,242.375,37.45,236.5,173.5,86.8,217.5,46.95,77.8,116.5,42.75
41.2304347826087,40.7272727272727,71.8,51.2,108.5,77.5,11.85,44.3633333333333,109.0,32.4,35.95,427.0,212.25,22.8,115.166666666667,408.0,18.1,,25.1,44.95,135.5,26.2,12.3,17.0083333333333,25.05,60.6,293.5,332.5,29.2,40.9666666666667,30.55,19.925,27.95,413.5,258.5,285.5,44.6,11.9930555555556,160.0,,27.9388888888889,88.5854838709677,19.75,,330.0,265.842857142857,24.4107142857143,16.9,130.125,38.45,19.75,21.6081632653061,69.8,24.65,234.25,151.0,24.95,51.4,87.2666666666667,206.5,59.9227272727273,108.3,76.6,242.0,63.8,11.25,110.0,174.5,29.0490740740741,29.1549180327869,69.9,290.0,250.0,221.2,43.2011363636364,48.75,13.3657142857143,32.1,9.72,16.45,15.25,37.55,203.5,18.25,32.7,11.347619047619,25.6445945945946,12.0,11.2,11.2,19.3,45.25,44.425,10.0,24.1772727272727,17.65,28.05,14.3,8.81,11.55,20.46,21.35,284.0,76.4,4600.90909090909,92.3793103448276,199.0,99.7,111.5,51.6909090909091,25.05,463.8,237.666666666667,10.05,122.166666666667,59.1666666666667,8.31705882352941,40.05,31.4928571428571,74.3,67.8,59.18,138.642857142857,113.75,58.35,37.4833333333333,131.5,20.05,8.18,105.875,74.9,103.5,82.1,620.0,284.5,497.0,225.5,130.071428571429,114.0,275.0,242.0,37.45,236.5,174.0,86.8,217.5,46.95,77.8,116.5,42.75
41.2231578947368,40.7035714285714,71.8666666666667,51.2,108.625,77.5,11.85,44.3318181818182,109.0,32.4,35.95,427.0,212.25,22.85,115.166666666667,408.0,18.0625,,25.1,45.0,135.5,26.2,12.35,17.0,25.05,60.6,293.428571428571,332.5,29.2,41.0,30.55,19.925,27.95,413.5,258.5,285.5,44.6,11.95,159.5,,27.95,88.6,19.7,,330.0,265.589743589744,24.3981949458484,16.90234375,130.0,38.45,19.75,21.61875,69.8,24.65,234.25,151.0,24.95,51.4,87.2,206.0,59.94,108.5,76.55,242.0,63.8,11.25,109.965517241379,174.0,29.0503164556962,29.1884615384615,69.9,289.875,249.807692307692,221.035714285714,43.2592105263158,48.75,13.387962962963,32.05,9.72,16.45,15.25,37.5625,203.5,18.25,32.7,11.347619047619,25.6445945945946,11.9954545454545,11.2,11.2,19.3,45.25,44.4,9.99909090909091,24.15,17.65,28.0619047619048,14.3,8.81,11.55,20.4525641025641,21.35,284.0,76.4,4607.14285714286,92.798833819242,198.833333333333,99.7666666666667,111.5,51.6642857142857,25.05,464.766666666667,237.5,10.05,122.5,59.2,8.3152380952381,40.05,31.45,74.3,67.8,59.2,138.5,113.875,58.3857142857143,37.4833333333333,131.5,20.05,8.18,106.0,75.0,103.3,82.08,620.0,284.5,497.0,225.5,130.166666666667,114.0,275.0,242.0,37.45,236.5,174.0,86.8,217.5,46.95,77.8,116.5,42.75
41.2290322580645,40.7027777777778,71.8666666666667,51.2,108.5,77.5,11.8,44.3388888888889,108.625,32.4,35.95,427.0,212.0,22.85,115.166666666667,408.25,18.0625,,25.1,45.0,135.5,26.2,12.35,17.0,25.09,60.6,293.0,332.5,29.2,41.0032258064516,30.55,19.9,27.95,413.5,258.5,285.5,44.6,11.95,160.0,,27.95,88.5770491803278,19.7,,330.0,265.541666666667,24.3712121212121,16.9045454545455,130.0,38.45,19.75,21.65,69.8,24.7,234.0,151.0,24.95,51.4,87.3,206.0,59.9,108.0,76.6,242.0,63.8,11.25,109.9375,174.0,29.0515151515152,29.1553571428571,69.9,289.875,250.0,221.1,43.297619047619,48.75,13.3833333333333,32.05,9.73,16.45,15.25,37.556,203.5,18.2,32.7,11.3,25.6445945945946,11.9573529411765,11.2,11.2,19.3,45.25,44.40625,9.99,24.15,17.65,28.05,14.25,8.81,11.6,20.495,21.36125,284.0,76.4,4607.14285714286,93.3683794466403,199.0,99.7,112.0,51.6545454545454,25.0534246575342,464.941176470588,237.571428571429,10.05,122.5,59.175,8.31645161290323,40.05,31.45,74.3,67.8,59.15,138.7,113.5,58.4315789473684,37.4833333333333,131.5,20.055,8.18090909090909,106.0,75.0,103.5,82.1875,620.0,285.0,497.0,225.5,130.333333333333,114.0,275.0,242.0,37.45,237.0,174.0,86.8,217.5,46.975,77.7,116.5,42.8
41.2097826086956,40.7065217391305,71.9,51.2,108.5,77.4,11.8,44.36,109.0,32.3642857142857,35.95,427.0,212.0,22.85,115.166666666667,408.5,18.1,,25.1,45.0,135.5,26.2,12.35,17.0,25.075,60.6,293.571428571429,332.5,29.2,41.0,30.55,19.95,27.95,413.5,258.5,285.5,44.6,11.9541666666667,159.75,,28.0,88.5083333333333,19.7,,330.25,265.642857142857,24.3877622377622,16.890625,130.214285714286,38.5,19.7446428571429,21.6125,69.7,24.65,234.0,151.0,24.9583333333333,51.4,87.3,206.466666666667,59.9,108.5,76.6,242.0,63.8,11.2545454545455,110.0,174.0,29.0867647058824,29.1818181818182,69.9,290.0,250.0,221.181818181818,43.25,48.75,13.3897435897436,32.05,9.72,16.45,15.25,37.5734375,203.5,18.2,32.75,11.3,25.6,11.9580357142857,11.2,11.2,19.31,45.27,44.445945945946,9.99,24.1520833333333,17.65,28.05,14.25,8.81,11.6,20.4571428571429,21.375,284.0,76.4,4607.14285714286,93.2293103448276,198.928571428571,99.9,111.75,51.7,25.0962264150943,465.0,237.666666666667,10.05,122.5,59.2,8.32,40.05,31.5,74.3,67.8,59.14,139.0,113.666666666667,58.5,37.5,131.5,20.05,8.17588235294118,106.0,75.0,103.208333333333,82.1857142857143,620.0,285.0,497.0,225.125,130.5,114.0,275.0,242.5,37.45,237.0,174.0,86.8,217.5,46.9833333333333,77.7454545454545,116.5,42.8
41.2240384615385,40.7088235294118,71.825,51.2,108.5,77.4833333333333,11.8,44.3125,109.0,32.3642857142857,35.95,427.0,212.0,22.8,115.166666666667,407.5,18.0500996015936,,25.1,45.0,135.5,26.2,12.35,17.0,25.075,60.6,293.571428571429,332.5,29.2388888888889,41.0,30.6,19.95,27.95,413.5,258.0,285.5,44.6,11.9625,159.5,,27.996,88.566,19.75,,330.0,265.694444444444,24.3841176470588,16.8857142857143,130.125,38.5,19.7454545454545,21.6333333333333,69.7,24.65,234.0,151.0,24.9583333333333,51.4,87.3,206.0,59.9,108.5,76.6,242.0,63.8,11.25,109.714285714286,174.5,29.1075757575758,29.1539473684211,69.9,290.0,249.5,221.0,43.25,48.75,13.3909836065574,32.0,9.72,16.45,15.25,37.5625,203.5,18.2,32.75,11.3,25.6,11.9524330900243,11.2,11.2,19.3,45.25,44.45,9.99971830985916,24.15,17.7,28.05,14.2520833333333,8.81,11.6,20.45,21.35,284.5,76.4,4607.14285714286,93.0092592592592,199.0,99.9,111.75,51.7,25.0947368421053,465.166666666667,237.5,10.0506912442396,122.5,59.2,8.31,40.05,31.5,74.3,67.8,59.125,139.0,113.75,58.5,37.5,131.5,20.05,8.17,106.0,75.0,103.272727272727,82.1714285714286,620.0,285.0,497.0,225.0,130.166666666667,114.0,275.0,242.611111111111,37.45,236.5,174.0,86.8,217.5,46.95,77.7666666666667,116.5,42.75
41.2007299270073,40.681,71.9,51.2,108.5,77.4857142857143,11.8,44.3058823529412,108.75,32.375,35.95,428.5,212.0,22.79375,115.0,407.5,18.0500996015936,,25.1,45.0,135.5,26.2,12.35,16.975,25.1,60.6,293.0,332.5,29.225,41.0,30.6,19.95,27.95,413.5,258.0,285.5,44.6,11.95,160.0,,28.0,88.5914285714286,19.7,,330.375,265.675438596491,24.3714285714286,16.9,130.125,38.5,19.75,21.6416666666667,69.7,24.65,234.0,151.0,24.9583333333333,51.4,87.3,206.5,59.9913043478261,108.5,76.5666666666667,242.0,63.8,11.2541666666667,110.0,174.5,29.0473684210526,29.1555555555556,69.9,290.0,249.5,220.75,43.25,48.75,13.394578313253,32.0,9.71927710843374,16.45,15.25,37.55,203.25,18.2,32.75,11.3,25.625,11.9502368064953,11.15,11.2,19.3,45.25,44.45,10.0,24.1592592592593,17.65,28.05,14.25,8.8,11.55,20.45,21.35,284.5,76.4,4607.14285714286,92.8916666666667,198.833333333333,99.8,111.5,51.7107142857143,25.08,464.833333333333,237.5,10.05,122.5,59.2,8.31135593220339,40.0722222222222,31.5,74.22,67.8,59.1666666666667,139.0,114.0,58.3727272727273,37.5,131.5,20.05,8.17,106.0,75.0,103.5,82.1,620.0,285.0,497.0,225.0,130.0,114.0,275.0,242.916666666667,37.4352941176471,236.5,173.5,86.8,217.5,46.95,77.7333333333333,116.5,42.7327272727273
41.20395256917,40.7,71.9,51.25,108.5,77.5,11.825,44.3125,109.0,32.375,35.95,428.5,212.0,22.79375,115.0,407.5,18.05,,25.1,45.0,135.5,26.2,12.3,17.0,25.1,60.6,293.0,333.0,29.2,40.9708333333333,30.6,19.95,27.95,413.5,256.0,285.5,44.6,11.9636363636364,160.0,,28.0,88.5380952380952,19.7,,330.0,265.5,24.3850877192982,16.897,130.0,38.5,19.7483870967742,21.6,69.7,24.65,234.0,151.0,24.95,51.4,87.3,206.384615384615,59.9363636363636,108.5,76.6,242.0,63.8,11.253125,109.972222222222,174.5,29.1,29.1435064935065,69.9,290.0,249.5,220.928571428571,43.2,48.775,13.4,32.025,9.72,16.45,15.25,37.55,203.5,18.25,32.75,11.3,25.625,11.95,11.15,11.2,19.3,45.25,44.4,10.0,24.15,17.7,28.05,14.25,8.80980392156863,11.55,20.45,21.3659090909091,284.5,76.3,4607.14285714286,92.9416666666667,198.875,99.9,111.5,51.6,25.1011434511435,464.0,237.5,10.05,122.5,59.1153846153846,8.31095890410959,40.05,31.5,74.22,67.8,59.1666666666667,139.0,114.0,58.3,37.45,131.5,20.05,8.16988372093023,106.0,75.0,103.285714285714,82.1,620.0,285.0,497.0,225.0,130.0,114.0,275.0,243.0,37.45,236.5,173.5,86.8,217.5,46.975,77.7,116.5,42.7327272727273
41.225,40.65,71.825,51.25,108.5,77.5,11.825,44.3010638297872,108.625,32.3941176470588,35.95,428.5,212.0,22.79375,115.0,407.5,18.05,,25.1,45.0,135.5,26.2,12.3,17.0,25.1,60.6,293.0,333.0,29.2,40.9904761904762,30.6,19.95,27.95,413.5,256.0,285.5,44.6,11.9538461538462,160.0,,28.035,88.5047619047619,19.71,,330.416666666667,265.6,24.3497568881686,16.8642857142857,130.166666666667,38.5,19.75,21.6,69.7,24.6350393700787,234.0,150.888888888889,24.9478260869565,51.4,87.2857142857143,206.0,59.9037037037037,108.0,76.6,242.0,63.8526315789474,11.25,110.0,174.0,29.1,29.1007936507936,69.9,290.0,249.5,221.0,43.2666666666667,48.75,13.4043103448276,32.0,9.72083333333334,16.45,15.25,37.5692307692308,203.5,18.2,32.75,11.3,25.625,11.946875,11.15,11.2,19.3,45.2583333333333,44.4,10.0,24.1552631578947,17.65,28.05,14.25,8.81,11.55,20.45,21.35,284.5,76.3,4600.0,92.9741935483871,198.642857142857,99.9,111.5,51.6563636363636,25.1489285714286,464.0,237.75,10.05,122.5,59.1916666666667,8.31,40.05,31.45,74.22,67.7,59.1333333333333,138.571428571429,114.0,58.2,37.45,131.5,20.0583333333333,8.17,106.0,75.0,103.5,82.05,620.0,285.0,497.0,225.0,130.391304347826,114.0,275.0,243.0,37.4529411764706,236.5,173.5,86.8,217.5,47.0,77.7,116.5,42.7327272727273
41.2342465753425,40.6,71.9,51.25,108.5,77.5,11.85,44.1951923076923,109.0,32.35,35.95,428.5,212.0,22.79375,115.0,407.5,18.0991803278689,,25.1,45.0,135.5,26.2,12.3,17.0,25.05,60.6,293.0,333.0,29.2,40.95,30.55,19.95,27.95,413.5,256.0,285.5,44.58,11.953125,160.0,,28.05,88.5,19.7071428571429,,330.0,265.613636363636,24.3432038834951,16.9,130.0,38.5,19.75,21.6,69.7,24.6,234.0,150.5,24.9478260869565,51.3,87.3,206.5,59.8881355932203,107.5,76.6,242.0,63.9,11.25,110.0,174.0,29.05,29.0811224489796,69.9,289.5,249.5,221.107142857143,43.2416666666667,48.75,13.4,32.0,9.73,16.425,15.25,37.55,203.5,18.24,32.75,11.3,25.625,11.95,11.15,11.2,19.3071428571429,45.275,44.4,10.0,24.175,17.65,28.05,14.265625,8.8,11.6,20.45,21.3916666666667,284.5,76.3,4600.0,92.9625,198.5,99.8,112.0,51.6714285714286,25.1652892561983,463.583333333333,237.5,10.05,122.5,59.2,8.31,40.05,31.4866666666667,74.22,67.8,59.1714285714286,139.0,113.916666666667,58.0627450980392,37.45,131.5,20.05,8.16432098765432,105.9,75.0,103.3125,82.05,620.0,285.0,497.0,225.25,130.083333333333,114.0,275.0,243.0,37.4,236.5,173.5,86.8,217.0,46.95,77.725,116.5,42.6241935483871
41.2298387096774,40.6034090909091,71.9,51.2,108.7,77.5,11.8,44.1017857142857,109.0,32.3476190476191,35.95,428.5,212.0,22.79375,115.0,407.5,18.059375,,25.1,45.0,135.0,26.2,12.3,16.95,25.0857142857143,60.6,293.0,333.0,29.2,40.985,30.55,19.95,27.95,413.5,256.0,285.5,44.575,11.9545454545455,159.875,,28.0228571428571,88.5157894736842,19.73125,,330.2,265.569444444444,24.35,16.85,130.455882352941,38.5,19.75,21.6,69.7,24.6,234.0,150.666666666667,24.95,51.4,87.3,206.0,59.8942307692308,108.0,76.52,242.0,63.9,11.25,110.0,174.0,29.0077586206897,29.0875,69.9,289.944444444445,249.5,221.0,43.25,48.75,13.4,32.0,9.72846153846154,16.425,15.25,37.5230769230769,203.5,18.24,32.75,11.3,25.625,11.9551724137931,11.15,11.2,19.3454545454545,45.25,44.4455882352941,10.0,24.1538834951456,17.65,28.0720588235294,14.25,8.80161290322581,11.55,20.45,21.3916666666667,284.5,76.3,4585.0,92.92,198.555555555556,99.8,111.5,51.7,25.1954545454545,462.944444444445,237.8,10.0605263157895,122.5,59.1157894736842,8.31,40.0411764705882,31.45,74.3,67.8,59.1142857142857,139.0,113.75,57.9666666666667,37.45,131.5,20.05,8.161220657277,106.0,74.9,103.2,82.0666666666667,620.0,285.0,497.0,225.125,130.166666666667,114.0,275.0,243.0,37.3983870967742,236.5,173.25,86.8,217.0,46.95,77.725,116.5,42.6142857142857
41.2161971830986,40.5928571428571,71.9,51.2,108.5,77.5,11.85,44.0595238095238,109.0,32.3159274193548,35.95,428.5,212.0,22.79375,115.0,407.5,18.1,,25.1,44.95,135.0,26.2,12.3,16.95,25.1,60.6,293.0,333.0,29.2,41.0,30.55,19.95,27.95,413.5,256.0,285.0,44.6,11.9596153846154,159.666666666667,,28.0064102564103,88.5,19.73125,,330.0,265.813725490196,24.3892,16.8803571428571,130.975409836066,38.5,19.75,21.6,69.7,24.6,234.0,150.5,24.95,51.4,87.26,206.0,59.844,108.0,76.55,242.0,63.9,11.2647058823529,110.0,174.125,29.0037037037037,29.0684210526316,69.9,290.0,249.5,221.0,43.3,48.75,13.4,32.0,9.72,16.425,15.2541666666667,37.5,203.0,18.24,32.75,11.3,25.6333333333333,11.9551724137931,11.15,11.2,19.3,45.2892857142857,44.45,10.0,24.15,17.65,28.05,14.25,8.80714285714286,11.55,20.455,21.4,284.5,76.3,4585.0,92.9166666666667,198.5,99.8,111.5,51.6666666666667,25.15,461.9,237.5,10.0625,122.5,59.2,8.30875,40.0,31.45,74.2166666666667,67.8,59.2,138.5,113.833333333333,57.975,37.45,131.5,20.05,8.16623188405797,106.0,74.9,103.444444444444,82.0833333333333,620.0,284.5,497.0,225.5,130.055555555556,114.0,275.0,243.0,37.3983870967742,236.25,173.5,86.8,217.0,46.95,77.7,116.5,42.5765625
41.240625,40.6575,71.875,51.25,108.5,77.5,11.8000890207715,44.13,108.625,32.35,35.95,429.25,212.0,22.79375,115.0,407.5,18.1,,25.1,45.0,135.0,26.2,12.3,16.9558823529412,25.0714285714286,60.6,292.75,333.0,29.2,41.0,30.55,19.95,27.95,413.5,256.0,285.166666666667,44.59,11.9777777777778,159.833333333333,,28.0071428571429,88.5342105263158,19.7,,330.0,265.663043478261,24.3829896907217,16.875,131.0,38.5,19.75,21.6347826086957,69.7,24.6,234.0,150.386363636364,24.95,51.4,87.3,206.0,59.8333333333333,107.964285714286,76.5,242.0,63.9,11.25,110.0,174.0,29.025,29.0987804878049,69.9895833333333,290.3,249.666666666667,220.909090909091,43.3,48.75,13.3977941176471,32.0,9.72,16.4,15.25,37.5,203.0,18.24375,32.75,11.3,25.6,11.95,11.15,11.2,19.3,45.3,44.4,10.0,24.1875,17.65,28.05,14.25,8.81,11.6,20.4612903225806,21.3777777777778,284.5,76.3,4585.0,93.0724637681159,198.038461538462,99.8,111.5,51.6030303030303,25.15,461.375,237.583333333333,10.0533333333333,122.5,59.2,8.3,40.0,31.4625,74.3,67.8,59.2,138.875,113.611111111111,58.0363636363636,37.45,131.5,20.05,8.16851851851852,106.0,74.9,103.25,82.0454545454545,620.0,284.5,501.0,225.5,130.0,114.0,275.0,243.25,37.35,235.0,173.5,86.8,217.0,47.0,77.7,116.5,42.5
41.2178571428571,40.65,71.875,51.2666666666667,108.5,77.4,11.75,44.2,108.666666666667,32.3516666666667,35.95,429.25,212.0,22.8,115.0,407.5,18.05,,25.1,44.9666666666667,135.0,26.2,12.3,16.95,25.05,60.6,292.5,333.0,29.2,41.0,30.55,19.95,27.95,413.5,256.0,285.166666666667,44.6,11.951724137931,159.75,,28.0,88.5,19.7205882352941,,329.5,265.717391304348,24.35,16.8916666666667,131.0,38.5,19.75,21.6102040816327,69.78,24.6,234.0,150.0,24.95,51.4,87.2166666666667,206.5,59.8166666666667,108.0,76.5,242.0,63.8,11.25,110.0,174.0,29.05,29.1136363636364,69.9895833333333,290.0,249.5625,220.5,43.25,48.75,13.4,32.0,9.72,16.4444444444444,15.25,37.5108695652174,203.0,18.24375,32.75,11.3,25.6,11.95,11.15,11.15,19.3,45.25,44.41875,10.0,24.15,17.65,28.05,14.25,8.81,11.5962962962963,20.4818181818182,21.39,284.5,76.3,4585.0,93.0,198.25,99.9,111.5,51.6030303030303,25.15,461.5,237.8,10.05,122.5,59.2,8.31222222222222,40.0,31.4625,74.3,67.8,59.2,139.0,113.7,58.2,37.45,131.5,20.05,8.16888888888889,105.714285714286,75.0,103.734817813765,82.05,620.0,284.5,501.0,226.0,130.35,114.0,275.0,243.4,37.35,235.0,173.5,86.8,217.5,46.95,77.7,116.5,42.5
41.2067010309278,40.6526315789474,71.8,51.2666666666667,108.5,77.5,11.8,44.2083333333333,109.0,32.3516666666667,35.95,429.25,212.25,22.8,115.0,407.833333333333,18.075,,25.1,44.95,135.0,26.2,12.3,16.95,25.0666666666667,60.6,292.333333333333,332.0,29.2125,41.0,30.55,19.9333333333333,27.95,413.5,256.0,285.166666666667,44.5,11.9517857142857,160.0,,27.9994565217391,88.5045454545455,19.71875,,329.5,265.543859649123,24.3805555555556,16.850641025641,131.0,38.5,19.75,21.6,69.8,24.6,234.0,150.0,24.9625,51.4,87.2,206.333333333333,59.86,108.0,76.475,242.0,63.8,11.250289017341,110.0,174.0,29.05,29.0829411764706,70.0,289.666666666667,249.5625,220.370689655172,43.2333333333333,48.75,13.4,32.0,9.72,16.4444444444444,15.25,37.5,203.0,18.24375,32.75,11.3,25.6,11.95,11.2,11.15,19.305,45.25,44.44375,10.0,24.17,17.675,28.05,14.25,8.81,11.5916666666667,20.4555555555556,21.4,284.5,76.3,4590.0,92.9,198.076923076923,99.9,111.75,51.7,25.15,461.833333333333,237.75,10.0498191681736,122.5,59.2,8.31083333333333,40.0,31.4625,74.3,67.8,59.2092783505155,138.5,113.875,58.1642857142857,37.45,131.5,20.05,8.17,105.714285714286,75.0,103.583333333333,82.0333333333333,620.0,284.5,501.0,226.0,130.0,114.0,275.0,243.6,37.35,235.0,174.0,86.8,217.5,46.9833333333333,77.775,116.5,42.5
41.1997685185185,40.6115384615385,71.8,51.2666666666667,108.5,77.4222222222222,11.7988095238095,44.2033333333333,108.75,32.35,35.95,429.25,212.25,22.8,115.0,407.833333333333,18.05,,25.1,44.95,135.0,26.2,12.3,16.95,25.05,60.6,292.5,333.25,29.2,41.0,30.55,19.9,27.95,413.5,256.0,285.166666666667,44.6,11.95,160.0,,27.95,88.5107142857143,19.7318181818182,,329.404761904762,265.638888888889,24.3998287671233,16.85,131.0,38.5,19.75,21.6,69.8,24.6,234.0,150.0,24.9625,51.4,87.175,206.454545454545,59.8272727272727,108.0,76.6,242.0,63.8,11.25,110.0,174.0,29.0833333333333,29.0652173913044,70.0,289.833333333333,249.5,219.954385964912,43.2125,48.75,13.4,32.0,9.72,16.4444444444444,15.25,37.5072368421053,203.0,18.24375,32.75,11.3,25.6,11.95,11.2,11.15,19.3486552567237,45.25,44.45,9.995,24.1833333333333,17.65,28.05,14.25,8.8,11.5916666666667,20.4613636363636,21.375,284.5,76.4,4590.0,93.0,198.333333333333,99.8833333333333,111.75,51.6,25.15,462.25,237.5625,10.0446808510638,122.25,59.1285714285714,8.32777777777778,40.0,31.4625,74.3,67.8,59.3,138.928571428571,113.6875,58.175,37.45,131.5,20.0541666666667,8.16954545454545,105.714285714286,75.0,103.866666666667,82.05,620.0,284.5,501.0,226.0,129.989130434783,114.0,275.0,243.5,37.4,236.5,174.0,86.8,217.5,46.95,77.7,116.5,42.55
41.1603305785124,40.6083333333333,71.85,51.3,108.5,77.5,11.75,44.21875,108.7,32.35,35.95,429.25,212.0,22.775,115.0,407.833333333333,18.1,,25.1,44.95,135.0,26.2,12.3,16.95,25.05,60.6,292.5,333.5,29.1928571428571,41.0014285714286,30.55,19.9,28.0,413.5,256.0,285.166666666667,44.5942857142857,11.9535714285714,159.75,,27.95,88.5357142857143,19.725,,329.038461538462,265.996560619089,24.3979166666667,16.8469090909091,130.7,38.5,19.75,21.6,69.8,24.6,234.0,150.0,24.9625,51.4,87.3,206.0,59.8,108.0,76.52,242.0,63.7888888888889,11.25,110.0,174.5,29.053125,29.0666666666667,70.0,290.0,249.5,219.516666666667,43.2125,48.75,13.4,32.0,9.71625,16.4444444444444,15.25,37.4569620253165,203.0,18.24375,32.75,11.3,25.6,11.95,11.2,11.2,19.3412698412698,45.3,44.4166666666667,9.99034482758621,24.15,17.7,28.05,14.2578947368421,8.80952380952381,11.6,20.4569444444445,21.38,284.5,76.4,4590.0,93.0,198.5,99.9166666666667,111.5,51.6,25.1375,463.0,237.75,10.05,122.5,59.15,8.32,40.0,31.4625,74.3,67.8,59.2,139.0,113.5,58.225,37.45,131.5,20.0527777777778,8.17,105.75,74.9,103.9,82.0071428571428,620.0,284.5,501.0,226.0,130.0,114.0,275.0,243.5,37.35,236.5,174.0,86.8,217.5,46.9666666666667,77.7,116.5,42.55
41.1526315789474,40.65,71.85,51.2,108.5,77.425,11.75,44.2166666666667,108.583333333333,32.35,35.95,429.5,212.0,22.775,115.0,407.5,18.075,,25.1,44.95,135.0,26.2,12.3,16.95,25.05,60.6,292.5,333.625,29.15,40.95,30.55,19.9,27.95,413.5,256.0,285.0,44.6,11.954,160.0,,27.95,88.5363636363636,19.7166666666667,,329.171052631579,266.255102040816,24.4,16.8085714285714,130.625,38.5,19.775,21.6,69.8,24.6,234.5,150.0,24.95,51.4,87.3,206.0,59.8058823529412,108.0,76.5,242.0,63.8,11.25,109.933333333333,174.5,29.0666666666667,29.0616666666667,70.0,289.875,249.611111111111,220.0,43.2,48.75,13.4,32.0,9.71970588235294,16.4444444444444,15.25,37.4928571428571,203.0,18.24375,32.75,11.3,25.6083333333333,11.95,11.2,11.2,19.3478991596639,45.3,44.45,9.99,24.1611111111111,17.65,28.05,14.25,8.80714285714286,11.6,20.4551020408163,21.4,284.0,76.4,4590.0,92.975,198.375,99.9,111.5,51.7,25.1,463.0,237.8,10.05,122.5,59.1875,8.32,40.0,31.4625,74.3,67.81,59.25,139.0,113.8125,58.3,37.45,131.5,20.075,8.16977272727273,105.75,74.9,103.857142857143,82.0333333333333,620.0,284.5,502.5,226.0,129.97619047619,114.0,275.0,243.5,37.3,236.5,173.5,86.8,217.5,46.95,77.7,116.5,42.55
41.1524096385542,40.6142857142857,71.8,51.2,108.5,77.5,11.8,44.2111111111111,109.0,32.35,35.95,429.5,211.666666666667,22.775,115.0,407.5,18.05,,25.1,44.95,135.0,26.2,12.3,16.95,25.1,60.6,292.5,334.0,29.15,40.95,30.55,19.9,27.95,413.5,256.0,285.0,44.5714285714286,11.9521739130435,160.0,,27.9515625,88.5855072463768,19.725,,329.0,266.380434782609,24.4009803921569,16.85,130.5,38.5,19.8,21.6,69.8,24.6,234.5,149.5,24.95,51.475,87.25,206.3,59.8,108.0,76.4166666666667,242.0,63.8,11.2519230769231,109.980769230769,174.4,29.0,29.095,70.0,290.0,250.0,220.0,43.2083333333333,48.75,13.4,32.0,9.726,16.4444444444444,15.25,37.4989361702128,203.0,18.2,32.75,11.3,25.6,11.95,11.2,11.153125,19.3236842105263,45.296875,44.4375,9.99212765957447,24.15,17.65,28.05,14.25,8.80714285714286,11.6,20.4592105263158,21.3916666666667,284.0,76.4,4590.0,92.9,198.5,99.9,112.0,51.6,25.1166666666667,463.0,237.934782608696,10.05,122.5,59.2,8.31961538461539,40.0,31.4625,74.3,67.8,59.2807692307692,139.428571428571,113.625,58.3793103448276,37.45,131.5,20.05,8.16975,105.5,75.0,103.958333333333,82.0,620.0,285.0,502.5,226.0,130.0,114.0,275.0,243.5,37.3142857142857,236.5,173.083333333333,86.8,217.5,46.95,77.7,116.5,42.55
41.1545454545455,40.6018518518518,71.8,51.3,108.5,77.5,11.8,44.23,108.666666666667,32.35,35.95,429.5,212.0,22.775,115.0,407.5,18.097619047619,,25.1,44.95,135.0,26.2,12.3,16.95,25.1,60.6,292.6875,333.333333333333,29.2,40.9625,30.55,19.9,27.95,414.5,256.0,285.0,44.5875,11.9720588235294,160.0,,27.95,88.55,19.7333333333333,,329.010869565217,266.076923076923,24.3952127659574,16.85,130.5,38.5,19.75,21.6,69.7,24.6,234.5,149.5,24.95,51.475,87.3,206.0,59.8,107.722222222222,76.5,242.0,63.7333333333333,11.25,110.0,174.5,29.05,29.0725806451613,70.0,289.5,250.0,219.955357142857,43.2033333333333,48.75,13.4,32.0,9.726,16.4,15.25,37.4805555555555,203.0,18.25,32.75,11.3,25.65,11.95,11.2,11.153125,19.3194444444444,45.3,44.4,10.0,24.1975,17.675,28.05,14.25,8.80142857142857,11.6,20.465625,21.3923076923077,284.0,76.4,4590.0,92.9,198.25,99.9,111.5,51.6,25.15,462.916666666667,237.944444444444,10.05,122.5,59.175,8.30311965811966,40.0,31.45,74.3,67.8,59.3,139.3,113.833333333333,58.5,37.45,131.5,20.0528571428571,8.16142857142857,106.0,75.0,103.681818181818,82.0,620.0,285.045454545455,502.5,226.0,130.0,114.0,275.0,243.0,37.3142857142857,235.0,173.0,86.8,217.5,47.0,77.7,116.5,42.55
41.1504347826087,40.6055555555555,71.8,51.3,108.5,77.3833333333333,11.8,44.2,109.0,32.35,35.95,429.5,212.0,22.8,115.0,407.5,18.05,,25.1,44.95,135.0,26.25,12.3,16.95,25.05,60.6,293.0,333.0,29.2,41.0,30.55,19.9,27.95,414.5,256.0,285.0,44.5958333333333,11.95,159.875,,27.9978260869565,88.5,19.7178571428571,,329.166666666667,266.38188976378,24.3876923076923,16.8322368421053,130.5,38.5,19.75,21.5992753623188,69.7,24.6,234.5,149.5,24.95,51.5,87.3,206.0,59.8916666666667,107.7,76.5,242.0,63.7857142857143,11.25,110.0,174.5,29.0745098039216,29.0729166666667,70.0,289.666666666667,250.0,219.975,43.2,48.75,13.4,32.0,9.72,16.4,15.25,37.4538461538462,203.0,18.2,32.75,11.3,25.6125,12.0,11.2,11.1571428571429,19.3375,45.25,44.44,9.99285714285715,24.1524553571429,17.65,28.0635593220339,14.25,8.80047619047619,11.55,20.4560975609756,21.4,284.0,76.4,4590.0,92.85,198.5,99.9666666666666,111.5,51.6,25.15,462.5,237.5,10.05,122.5,59.1333333333333,8.29889795918367,40.0,31.45,74.3,67.8,59.3,139.5,113.904761904762,58.5,37.45,131.5,20.05,8.16755555555556,106.0,75.0,103.58,82.1,620.0,285.0,502.5,226.0,130.0,114.0,275.333333333333,243.0,37.3,235.0,173.5,86.8,217.5,46.975,77.6777777777778,116.5,42.55
41.1395209580838,40.625,71.9,51.3,108.5,77.4,11.7526315789474,44.18125,108.6,32.35,35.95,429.5,212.0,22.8,115.0,407.5,18.1,,25.1,45.0,135.0,26.25,12.3,17.0,25.05,60.6,293.5,333.0,29.2,40.96,30.55,19.9,27.95,413.0,256.0,285.0,44.6,11.95,159.5,,27.9931818181818,88.5,19.75,,329.033333333333,266.041666666667,24.3846153846154,16.826,130.94,38.5,19.75,21.6152173913043,69.7,24.6,234.5,149.5,24.9266666666667,51.5,87.3,205.75641025641,59.8125,107.5,76.5,242.0,63.8,11.2547619047619,110.0,174.5,29.05,29.0662162162162,70.0,290.0,250.0,219.879310344828,43.2054054054054,48.7,13.4,32.0,9.72,16.4,15.2542857142857,37.45,203.0,18.2,32.75,11.3,25.6454545454545,11.95,11.2,11.1571428571429,19.3416666666667,45.2833333333333,44.45,9.99769230769231,24.1535714285714,17.65,28.0515151515152,14.3,8.8,11.55,20.45,21.4,284.0,76.4,4590.0,92.7105263157895,198.1,100.0,111.5,51.7,25.15,462.357142857143,237.5,10.05,122.5,59.1076923076923,8.27259259259259,40.0269230769231,31.45,74.3,67.8,59.2,139.0,113.708333333333,58.45,37.45,131.5,20.05,8.17,106.0,75.0,103.455752212389,82.0,620.0,285.0,502.5,226.0,130.0,114.0,275.333333333333,243.0,37.3,235.0,173.5,86.8,217.5,46.95,77.6,116.5,42.55
41.125,40.6,71.825,51.3,108.5,77.3,11.8,44.175,109.0,32.3222222222222,35.95,429.5,212.0,22.7944444444444,115.115384615385,407.5,18.0966666666667,,25.1,44.95,135.0,26.25,12.3,17.0,25.05,60.5,293.5,333.0,29.2,40.9625,30.55,19.9,27.95,413.0,256.0,285.0,44.6333333333333,11.9647058823529,160.0,,28.0,88.52,19.7176470588235,,329.0,266.011799410029,24.3952941176471,16.8416666666667,131.0,38.5,19.75,21.61,69.7,24.6,234.5,149.5,24.9,51.5,87.3,205.5,59.8,107.583333333333,76.475,242.0,63.795652173913,11.25625,110.0,174.5,29.0383720930232,29.0519230769231,70.0,290.0,250.0,220.166666666667,43.25,48.7,13.4,32.0,9.72,16.4,15.25,37.4928571428571,203.0,18.2,32.75,11.3,25.6454545454545,11.95,11.2,11.1571428571429,19.35,45.2833333333333,44.4037037037037,10.0,24.1535714285714,17.65,28.05,14.3,8.80869565217391,11.55,20.4666666666667,21.3666666666667,284.0,76.46,4590.0,92.75,198.333333333333,100.0,112.0,51.7,25.15,462.5,237.326086956522,10.05,122.5,59.13,8.26777777777778,40.0111111111111,31.45,74.3,67.8,59.2,139.0,113.583333333333,58.5,37.45,131.5,20.05,8.16035714285714,106.0,75.0,103.5,82.05,620.0,285.0,502.0,226.0,129.5,114.0,275.333333333333,243.0,37.3,235.0,173.5,86.8,217.5,46.95,77.675,116.5,42.55
41.15,40.6059523809524,71.8,51.3,108.5,77.3,11.8,44.2,108.833333333333,32.3222222222222,35.95,429.5,212.0,22.8,115.115384615385,407.5,18.05,,25.1,44.95,135.0,26.25,12.3,16.99,25.05,60.5,293.5,333.0,29.2,40.97,30.55,19.9,27.95,413.5,256.0,285.0,44.65,11.95,160.0,,27.95,88.5,19.7234848484848,,329.0,266.011494252874,24.4130718954248,16.85,130.5,38.5,19.75,21.65,69.775,24.6,234.5,149.5,24.9,51.5,87.2111111111111,205.5,59.8,107.583333333333,76.5,242.0,63.7,11.25,110.0,174.5,29.01,29.05,70.0,290.0,249.833333333333,220.0,43.2,48.75,13.4069444444444,32.0,9.71,16.4,15.25,37.4785714285714,203.0,18.2,32.75,11.3,25.6454545454545,11.95,11.2,11.15,19.3,45.2833333333333,44.42,10.0,24.15,17.65,28.05,14.2520547945206,8.80846153846154,11.55,20.4631578947368,21.3727272727273,284.0,76.46,4590.0,92.75,198.125,100.0,111.5,51.6,25.15,462.5,237.5,10.05,122.5,59.1,8.2830303030303,40.0,31.45,74.3,67.8,59.23,139.0,113.5,58.5428571428571,37.45,131.5,20.0578125,8.16866666666666,106.0,75.0,103.5,82.0,620.0,285.0,502.0,226.0,129.666666666667,114.0,275.333333333333,243.0,37.3,235.0,173.0,86.8,217.5,46.95,77.675,116.5,42.55
41.1381868131868,40.6375,71.8,51.3,108.5,77.3,11.7625,44.18125,108.833333333333,32.35,35.95,429.5,212.0,22.8,115.115384615385,407.5,18.08125,,25.1,45.0,135.0,26.25,12.3,16.99,25.05,60.5,293.125,333.0,29.225,40.96,30.55,19.9,27.95,413.5,256.0,285.0,44.65,11.95,159.678571428571,,27.95,88.5085106382979,19.7,,329.0,265.52,24.4257142857143,16.83125,130.5,38.5,19.75,21.6857142857143,69.775,24.6,234.5,149.5,25.0504,51.4333333333333,87.4,205.5,59.808,107.722222222222,76.5,242.0,63.7,11.25,110.0,174.525,29.0166666666667,29.0733333333333,70.0,290.0,249.5,219.921052631579,43.1954545454546,48.75,13.4,32.0,9.71,16.4,15.2578947368421,37.4964285714286,203.0,18.2,32.75,11.3,25.65,11.9471153846154,11.2,11.15,19.3,45.3,44.4333333333333,10.0,24.1538461538461,17.65,28.0659090909091,14.2520547945206,8.80714285714286,11.55,20.45,21.35,284.0,76.4,4590.0,92.7,198.5,100.0,111.5,51.65,25.15,462.125,237.5,10.1,122.5,59.0714285714286,8.28,40.0,31.45,74.3,67.8,59.22,139.0,113.571428571429,58.5071428571429,37.45,131.5,20.05,8.16428571428571,106.0,75.0,103.5,82.0,620.0,285.0,502.0,226.0,129.5,114.0,275.333333333333,243.0,37.3,235.0,173.0,86.8,217.5,46.975,77.675,116.5,42.55
41.1538461538461,40.6090909090909,71.84,51.3,108.5,77.3,11.8,44.15,108.75,32.35,35.95,429.5,211.5,22.8,115.115384615385,407.5,18.08125,,25.1,45.0,135.0,26.25,12.3,16.9625,25.053125,60.5,293.0,333.0,29.2,40.95,30.55,19.9,27.95,413.5,256.0,285.0,44.6166666666667,11.95,159.678571428571,,27.9708333333333,88.5290322580645,19.7285714285714,,329.285714285714,265.6,24.3993243243243,16.8007853403141,130.5,38.5,19.75,21.65,69.7,24.6,234.5,149.5,25.0504,51.5,87.4,205.5,59.8,107.5,76.5,242.0,63.7,11.2571428571429,110.0,174.5,29.0,29.075,70.0,290.0,249.5,219.625,43.2,48.75,13.4058823529412,32.0,9.7168493150685,16.4,15.2615384615385,37.45,203.0,18.2053571428571,32.75,11.3,25.65,11.95,11.2,11.2,19.35,45.3,44.45,10.0,24.2,17.65,28.05,14.25,8.805,11.55,20.4605633802817,21.35,284.0,76.4,4590.0,92.6521739130435,198.5,100.0,111.5,51.6147058823529,25.15,462.25,237.5625,10.05,122.5,59.1,8.295,40.0,31.45,74.3,67.8,59.2,139.0,113.6,58.5,37.45,131.5,20.05,8.17,105.75,75.0,103.5,82.02,620.0,285.0,503.0,226.5,129.504587155963,114.0,275.333333333333,243.25,37.3,235.0,173.0,86.8,217.166666666667,47.0,77.7,116.5,42.55
41.1691176470588,40.6357142857143,71.8,51.3,108.5,77.4,11.8,44.16,108.7,32.35,35.95,429.5,211.5,22.8,115.115384615385,407.5,18.05,,25.1,44.95,135.0,26.25,12.3,16.9625,25.0884615384615,60.5,293.0,333.0,29.2,40.9666666666667,30.6,19.9,27.95,413.5,256.0,285.0,44.6166666666667,11.95,159.9,,27.9944444444444,88.5010416666667,19.7230769230769,,329.236842105263,265.651515151515,24.3761682242991,16.7990712074303,130.5,38.5,19.75,21.65,69.7,24.6,234.5,149.5,25.0504,51.4666666666667,87.3,205.95,59.8333333333333,107.5,76.5,242.0,63.7,11.25,110.0,174.0,29.0,29.0833333333333,70.0,290.0,249.5,219.75,43.2,48.7,13.4,31.9583333333333,9.72,16.4,15.25,37.4545454545455,203.0,18.2053571428571,32.75,11.3,25.6363636363636,11.95,11.2,11.18,19.35,45.3,44.44375,9.99916666666667,24.19,17.65,28.0541666666667,14.25,8.806,11.55,20.45,21.4,284.0,76.4,4590.0,92.8,198.5,100.0,111.5,51.6,25.1538461538462,462.304347826087,237.3125,10.05,122.25,59.05,8.2975,40.0055555555556,31.45,74.3,67.8,59.2,139.166666666667,113.75,58.5,37.45,131.5,20.05,8.16926829268293,105.545454545455,74.9,103.5,81.9,620.0,285.0,503.0,226.5,129.477272727273,114.0,275.333333333333,243.0,37.3,235.0,173.333333333333,86.8,217.166666666667,46.95,77.7,116.5,42.55
41.15,40.6357142857143,71.8,51.3,108.5,77.4,11.75,44.17,109.0,32.35,35.95,429.5,211.5,22.8,115.25,407.5,18.0894736842105,,25.1,44.95,135.0,26.25,12.3,16.9538461538462,25.05,60.5,292.5,333.0,29.2,40.95,30.6,19.9,27.95,413.5,256.0,285.0,44.65,11.9666666666667,159.619047619048,,27.9961538461538,88.5,19.7230769230769,,328.950819672131,265.533333333333,24.3511904761905,16.7609677419355,130.5,38.5,19.75,21.65,69.7,24.6,234.5,149.5,25.0504,51.4666666666667,87.3,205.954545454545,59.8,107.492753623188,76.4,242.0,63.8,11.2571428571429,109.833333333333,174.25,29.0125,29.0739130434783,70.0,289.5,249.5,219.5,43.15,48.7,13.4,31.9227272727273,9.72,16.4,15.25,37.4703703703704,203.0,18.2,32.75,11.3,25.65,12.0,11.2,11.18,19.3484375,45.3,44.4,9.99916666666667,24.15,17.65,28.0505102040816,14.2583333333333,8.81,11.55,20.4555555555556,21.3916666666667,284.0,76.4,4590.0,92.7305084745763,198.5,100.0,111.5,51.5806818181818,25.15,461.571428571429,237.214285714286,10.05,122.333333333333,59.0333333333333,8.29435897435897,40.0516666666667,31.45,74.3,67.8,59.2,138.96875,113.5,58.5,37.45,131.5,20.0583333333333,8.16009523809524,106.0,75.0268774703557,103.5,81.8,620.0,284.583333333333,503.0,226.0,129.411764705882,114.0,275.333333333333,242.5,37.3,235.0,173.166666666667,86.8,217.166666666667,46.95,77.7,116.5,42.55
41.1603448275862,40.65,71.84,51.3,108.5,77.4,11.75,44.1833333333333,109.0,32.35,35.95,429.5,211.5,22.8,115.25,407.5,18.05,,25.1,44.95,134.931818181818,26.25,12.35,16.9526315789474,25.05,60.5,292.9,333.0,29.1857142857143,40.9625,30.6,19.9,27.95,413.5,256.0,285.0,44.65,11.95,160.0,,27.99375,88.5033333333333,19.7,,328.526315789474,265.5875,24.35,16.79,130.5,38.5,19.75,21.6,69.7,24.6,234.5,150.0,25.0504,51.4,87.32,205.964285714286,59.8,107.3125,76.475,242.0,63.8,11.25,110.0,174.0,29.0323529411765,29.0840425531915,70.0,289.75,249.5,219.5,43.1423728813559,48.7,13.4,31.9227272727273,9.72,16.4,15.25,37.475,203.0,18.2,32.75,11.3,25.65,11.9565217391304,11.2,11.18,19.3384615384615,45.25,44.4,9.99,24.15,17.65,28.05,14.25,8.8,11.5894736842105,20.45,21.38,284.0,76.4,4590.0,92.4854166666667,198.5,99.9777777777778,111.5,51.6,25.15,461.5,237.0,10.0833333333333,122.333333333333,59.1,8.3,40.05,31.45,74.3,67.8,59.2,139.0,113.5,58.42,37.4357142857143,131.5,20.075,8.15979452054794,105.5,75.3222222222222,103.477272727273,81.8285714285714,620.0,284.583333333333,503.0,226.0,129.03125,114.0,275.333333333333,242.5,37.3,235.0,173.0,86.8,217.166666666667,46.975,77.7,116.5,42.55
41.1571428571429,40.60078125,71.8,51.3,108.75,77.378431372549,11.75,44.2,109.0,32.35,35.901282051282,428.5,211.5,22.7666666666667,115.25,407.5,18.0833333333333,,25.15,44.95,134.931818181818,26.25,12.35,16.95,25.05,60.5,293.0,333.0,29.2,40.95,30.6,19.9375,27.95,414.5,256.0,285.0,44.65,11.9502883506344,159.875,,28.0,88.5157894736842,19.7315789473684,,329.0,265.503623188406,24.3361209964413,16.8,130.5,38.5,19.75,21.6,69.7,24.6,235.0,150.0,25.0504,51.4,87.4,206.0,59.8,107.083333333333,76.5,242.0,63.8,11.25,109.961538461538,173.875,29.0133333333333,29.0791208791209,70.0,289.75,249.55,219.5,43.15,48.75,13.4,31.9227272727273,9.72,16.4,15.25,37.5021739130435,203.0,18.2,32.75,11.3,25.65,11.9928571428571,11.2,11.15,19.3,45.3,44.45,9.99083969465649,24.15,17.65,28.05,14.25,8.8,11.55,20.46875,21.3954545454545,284.0,76.4,4590.0,92.4142857142857,198.5,100.0,111.916666666667,51.6,25.15,460.666666666667,236.909638554217,10.0833333333333,122.5,59.1,8.3,40.05,31.45,74.3,67.8,59.2,138.75,113.442857142857,58.3774193548387,37.4357142857143,131.5,20.0653846153846,8.15254237288136,105.5,75.3055555555556,103.5,81.8,620.0,284.583333333333,503.0,226.0,129.357142857143,114.0,275.333333333333,242.5,37.3,235.0,172.571428571429,86.8,217.166666666667,46.95,77.6,116.5,42.55
41.1741379310345,40.6031914893617,71.8,51.3,108.5,77.378431372549,11.8,44.2,108.6875,32.35,35.95,428.5,211.5,22.7666666666667,115.0,408.0,18.0833333333333,,25.15,44.95,134.931818181818,26.25,12.35,16.952380952381,25.05,60.5,293.0,333.0,29.19,40.9625,30.6,19.9375,27.95,414.5,256.0,285.0,44.65,11.95,159.875,,28.03125,88.578947368421,19.7441176470588,,329.0,265.557692307692,24.3029644268775,16.8,130.5,38.5,19.75,21.65,69.7,24.6,235.0,150.0,25.0504,51.4,87.3,206.357142857143,59.8,107.285714285714,76.45,242.0,63.8,11.25,110.0,173.75,29.0388888888889,29.08,70.0,290.0,249.5,219.524590163934,43.15,48.75,13.4019379844961,31.95,9.72,16.4,15.2452586206897,37.5388888888889,203.0,18.2,32.75,11.3,25.65,11.95,11.2,11.15,19.35,45.25,44.45,9.99024390243902,24.1733333333333,17.65,28.05,14.2507042253521,8.79995428571429,11.55,20.4573529411765,21.35,284.0,76.4,4581.25,92.5,198.583333333333,99.975,111.916666666667,51.6,25.1,460.144444444445,235.967889908257,10.075,122.5,59.1,8.3,40.05,31.5,74.2,67.8,59.2,138.833333333333,113.230769230769,58.4,37.4357142857143,131.5,20.0545454545455,8.15590909090909,105.5,75.1359550561798,103.5,81.795652173913,620.0,284.583333333333,503.0,226.0,129.1,114.0,275.333333333333,242.5,37.3083333333333,235.0,173.0,86.8,217.0,46.9,77.72,116.5,42.55
41.1703125,40.6277777777778,71.8,51.3,108.5,77.4,11.75,44.1285714285714,109.0,32.3333333333333,35.95,428.5,211.5,22.7666666666667,115.166666666667,408.0,18.0833333333333,,25.15,45.0,134.931818181818,26.25,12.35,16.95,25.1,60.6,293.0,333.0,29.15,40.9777777777778,30.6,19.9,27.95,414.5,256.0,285.0,44.65,11.95,160.0,,28.0020833333333,88.5222222222222,19.75,,329.0,265.5,24.3014423076923,16.8,130.5,38.5,19.75,21.6208333333333,69.7,24.6,235.0,149.75,25.0504,51.4,87.3,206.47619047619,59.8,107.166666666667,76.5,242.0,63.8,11.2529411764706,109.958333333333,173.5,29.0475609756098,29.0705128205128,70.0,289.75,249.5,219.85,43.1108108108108,48.75,13.4,31.95,9.72,16.4,15.2,37.5,203.0,18.2,32.75,11.3,25.65,11.9833333333333,11.2,11.15,19.35,45.25,44.4,9.99227272727273,24.15,17.65,28.06875,14.25,8.7909375,11.5833333333333,20.45,21.3875,284.0,76.4,4581.25,92.2260273972603,199.0,100.0,111.5,51.5666666666667,25.11,459.66,235.478260869565,10.05,122.25,59.1,8.280625,40.05,31.5,74.2,67.8,59.2,138.75,113.125,58.35,37.4357142857143,131.5,20.075,8.15233333333333,105.5,75.1359550561798,103.5,81.7857142857143,620.0,285.0,503.0,226.0,129.125,114.0,275.333333333333,242.5,37.3,235.0,173.0,86.8,217.5,46.9,77.72,116.5,42.55
41.1540816326531,40.6137931034483,71.8,51.3,108.5,77.4,11.75,44.1607142857143,108.833333333333,32.325,35.85,428.5,211.75,22.8,115.0,407.5,18.1,,25.15,45.0,134.931818181818,26.25,12.35,16.9520833333333,25.0571428571429,60.6,293.0,333.0,29.1875,40.9625,30.6,19.95,27.95,414.5,256.0,285.0,44.62,11.95,160.0,,27.9510204081633,88.5,19.746875,,329.035714285714,265.651515151515,24.3,16.8,130.5,38.5,19.75,21.6,69.7,24.6,235.0,150.0,25.0,51.3333333333333,87.4,206.428571428571,59.804,107.019230769231,76.5,242.0,63.8,11.2583333333333,110.0,173.5,29.05,29.0842105263158,70.0,290.0,249.625,219.5,43.15,48.75,13.386170212766,31.95,9.71333333333333,16.45,15.2,37.545652173913,203.0,18.2,32.75,11.3,25.65,12.0,11.15,11.15,19.3,45.25,44.4,9.99,24.15,17.65,28.05,14.25,8.79553191489362,11.55,20.4645833333333,21.35,284.0,76.4,4581.25,91.9189189189189,199.0,99.95,111.5,51.5,25.1,459.909090909091,235.333333333333,10.05,122.019230769231,59.05,8.27423529411765,40.05,31.45,74.2,67.8,59.2058823529412,139.0,113.166666666667,58.36,37.4357142857143,131.5,20.05,8.16,105.5,75.0,103.5,81.7857142857143,620.0,285.0,503.0,226.0,129.428571428571,114.0,275.333333333333,242.5,37.3,235.0,173.0,86.8,217.5,46.9,77.7,116.0,42.55
41.1632075471698,40.6115384615385,71.825,51.3,108.5,77.4,11.75,44.2166666666667,109.0,32.35,35.85,428.5,211.5,22.8,115.0,408.5,18.05,,25.1,45.0,134.931818181818,26.25,12.35,16.9875,25.1,60.6,292.5,333.0,29.2,41.0,30.6,19.95,27.95,414.5,256.0,285.0,44.6375,11.95,160.0,,27.9666666666667,88.5022727272727,19.746875,,329.375,265.632352941176,24.2989028213166,16.7857142857143,130.818181818182,38.5,19.75,21.6,69.7,24.6,235.0,150.0,24.95,51.3,87.4,206.5,59.8,107.166666666667,76.5,242.0,63.8,11.2518518518519,110.0,173.5,29.0016666666667,29.0772727272727,70.0,290.0,249.5,219.427083333333,43.1055555555555,48.75,13.355,31.95,9.71846153846154,16.4,15.2166666666667,37.5916666666667,203.0,18.2009803921569,32.75,11.3,25.65,12.0,11.15,11.15,19.3,45.2611111111111,44.4,9.99076923076923,24.15,17.65,28.05,14.3,8.79,11.55,20.5,21.3818181818182,284.0,76.4,4581.25,92.0,199.0,99.9,111.625,51.5,25.1,459.181818181818,235.423076923077,10.05,122.0,59.0333333333333,8.265,40.05,31.45,74.2,67.75,59.23125,139.0,113.007462686567,58.3333333333333,37.4357142857143,131.5,20.05,8.16,105.321428571429,75.0,103.5,81.6925925925926,620.0,285.0,503.0,226.0,129.5,114.0,275.0,242.5,37.3,235.0,173.0,86.8,217.5,46.9,77.7,116.5,42.6
41.1514492753623,40.6166666666667,71.825,51.3,108.5,77.4,11.8,44.15,109.0,32.35,35.85,428.5,211.5,22.8,115.0,408.5,18.05625,,25.1,45.0,134.931818181818,26.2,12.3,16.9875,25.1,60.6,293.0,333.0,29.15,40.97,30.6,19.95,27.95,414.5,256.0,285.0,44.6375,11.9557692307692,160.0,,27.9818181818182,88.5,19.7,,329.5,265.507462686567,24.3179207920792,16.8,130.5,38.5,19.775,21.637037037037,69.74,24.625,235.0,150.0,25.0,51.3,87.4,206.0,59.8,107.0,76.45,242.0,63.8,11.25,110.0,173.75,29.0321428571429,29.0732142857143,70.0,289.916666666667,249.5,219.454545454545,43.1,48.75,13.374,31.95,9.73,16.4,15.2078947368421,37.5558823529412,203.0,18.2009803921569,32.75,11.3,25.65,11.95,11.15,11.15,19.3,45.25,44.4,9.99076923076923,24.1934782608696,17.65,28.0543209876543,14.25,8.7975,11.55,20.4637931034483,21.4,283.5,76.4,4581.25,92.0,199.0,99.9,111.625,51.5,25.1,458.739130434783,234.778846153846,10.05,122.125,59.0666666666667,8.26222222222222,40.05,31.45,74.2666666666667,67.7,59.2,138.916666666667,113.0,58.36,37.4357142857143,131.5,20.05,8.15763157894737,105.5,75.0,103.5,81.6,620.0,284.5,503.0,226.25,129.5,114.0,275.0,242.5,37.3,235.0,173.0,86.8,217.5,46.99,77.7,116.5,42.6
41.1533333333333,40.6042857142857,71.8,51.2,108.5,77.4,11.8,44.2921052631579,108.583333333333,32.3,35.85,428.5,211.5,22.7925,115.5,407.833333333333,18.0666666666667,,25.1,44.95,134.931818181818,26.2,12.35,17.0,25.0833333333333,60.6,293.0,333.0,29.15,40.975,30.6,19.9,27.95,414.5,256.0,285.0,44.64375,11.95,159.875,,27.9826923076923,88.440157480315,19.725,,329.5,265.616279069767,24.3191588785047,16.76,130.5,38.5,19.75,21.6,69.74,24.6,235.0,149.5,24.95,51.3,87.4,206.0,59.8,107.25,76.5,242.0,63.8,11.25,110.0,173.75,28.9929542645241,29.0585365853659,70.0,289.916666666667,249.5,219.035714285714,43.1,48.75,13.3571428571429,31.95,9.72,16.4,15.2045454545455,37.5642857142857,203.0,18.2009803921569,32.75,11.3,25.6,11.95,11.15,11.1545454545455,19.3,45.25,44.4083333333333,9.99076923076923,24.1888888888889,17.65,28.0489409984871,14.2666666666667,8.79421052631579,11.6,20.4514705882353,21.375,283.5,76.4,4581.25,92.1,198.833333333333,99.9666666666666,111.5,51.4590163934426,25.10625,458.633333333333,234.5,10.05,122.166666666667,59.1,8.26144736842105,40.05,31.45,74.2666666666667,67.7,59.2,138.5,112.818181818182,58.3,37.4357142857143,131.5,20.05,8.15063291139241,105.5,75.0,103.35,81.6,620.0,284.5,503.0,226.5,129.5,114.0,275.0,243.5,37.3,235.0,173.5,86.8,217.5,46.95,77.7,116.5,42.6
41.169298245614,40.65,71.84,51.2,108.5,77.4,11.75,44.380303030303,109.0,32.34,35.85,428.5,211.5,22.7925,115.5,407.833333333333,18.0625,,25.1,44.95,134.931818181818,26.2,12.35,17.0,25.05,60.5,293.0,333.0,29.15,41.0,30.6,19.9,27.95,414.5,256.0,285.0,44.65,11.95,160.0,,27.99,88.254794520548,19.7,,329.5,265.5,24.3075471698113,16.8,130.5,38.5,19.75,21.6136363636364,69.7,24.6,235.0,149.55,24.95,51.2875,87.33,206.0,59.8166666666667,107.05,76.3444444444445,242.0,63.8,11.25,110.0,173.566666666667,28.903125,29.0913043478261,70.0,290.0,249.5,218.930194805195,43.0681818181818,48.8,13.3578125,31.95,9.72,16.45,15.2,37.55,203.0,18.25,32.75,11.3,25.6428571428571,11.9540540540541,11.15,11.1545454545455,19.3,45.2928571428571,44.4,9.99076923076923,24.1583333333333,17.6833333333333,28.003125,14.25,8.8,11.55,20.452380952381,21.38,283.5,76.4,4581.25,92.1555555555556,199.0,100.0,111.5,51.4,25.1,458.5,234.416666666667,10.05,122.1,59.1,8.26083333333333,40.05,31.45,74.2666666666667,67.7,59.2111111111111,139.0,112.5,58.3,37.4357142857143,131.5,20.05,8.14851265822785,105.5,74.9,103.5,81.6636363636364,620.0,284.5,503.0,226.5,129.5,114.0,275.0,243.0,37.3,235.0,173.5,86.8,217.5,46.95,77.7,116.5,42.6
41.1612903225807,40.6057142857143,71.8,51.2,108.5,77.3333333333333,11.75,44.45,109.0,32.35,35.925,428.5,211.5,22.7925,115.0,407.833333333333,18.05,,25.1,44.95,134.931818181818,26.2,12.35,17.0,25.05,60.5,293.0,333.0,29.15,40.9983333333333,30.6,19.9,27.95,414.5,256.0,285.5,44.61,11.9505976095618,159.653846153846,,27.9507462686567,88.2,19.7166666666667,,328.987804878049,265.5,24.3321739130435,16.8,130.5,38.5,19.75,21.6357142857143,69.7,24.6,235.0,149.55,24.9954545454545,51.2,87.2125,206.0,59.8125,107.005952380952,76.5,242.0,63.8,11.25,109.90625,174.0,28.9,29.0821428571429,70.0,290.0,249.5,218.113805970149,43.045145631068,48.7571428571429,13.354,31.95,9.71,16.45,15.2,37.5571428571429,203.0,18.25,32.75,11.3,25.6428571428571,11.9511627906977,11.15,11.2,19.3,45.28,44.45,10.0,24.2,17.65,28.0,14.25,8.8,11.58,20.4659090909091,21.38,283.5,76.4,4570.0,92.1,199.0,99.9666666666666,111.5,51.3428571428571,25.1222222222222,457.521739130435,234.033333333333,10.05,122.333333333333,59.1,8.25127450980392,40.05,31.45,74.2666666666667,67.75,59.1677966101695,138.625,112.583333333333,58.3111111111111,37.4357142857143,131.5,20.05,8.13898058252427,105.5,74.9,103.5,81.6,620.0,284.5,503.0,226.5,129.642857142857,114.0,275.0,243.0,37.3,235.0,173.5,86.8,217.5,46.95,77.7,116.0,42.55
41.1575471698113,40.605,71.8176470588235,51.2,108.5,77.3333333333333,11.75,44.4227272727273,109.0,32.35,35.9,428.5,211.5,22.75,115.0,407.0,18.05,,25.1,44.95625,134.931818181818,26.2,12.35,16.95,25.05,60.5,293.0,333.0,29.2,41.01,30.6,19.94,27.95,414.5,256.0,285.5,44.65,11.95,160.0,,27.931,88.2011111111111,19.7416666666667,,328.5,265.5,24.3,16.7985714285714,130.5,38.5,19.75,21.6,69.7,24.6,235.0,149.55,25.0,51.3,87.3,206.5,59.8,106.967948717949,76.4,242.0,63.8,11.25,110.0,174.0,28.9037735849057,29.0909090909091,70.0,290.0,250.0,218.3125,43.0355555555555,48.765625,13.3733695652174,31.95,9.72,16.45,15.2,37.55,203.0,18.25,32.75,11.35,25.6078947368421,11.9539215686274,11.15,11.2,19.3,45.25,44.4375,10.0,24.15,17.65,28.0191176470588,14.25,8.79230769230769,11.5875,20.4529411764706,21.35,283.5,76.4,4570.0,92.1,198.916666666667,99.9666666666666,111.5,51.3016666666667,25.1024193548387,457.067567567568,234.291666666667,10.05,122.033333333333,59.1,8.2468253968254,40.05,31.45,74.2,67.75,59.1,138.511363636364,112.857142857143,58.2722222222222,37.4357142857143,131.5,20.05,8.1302962962963,105.375,74.9,103.4,81.6166666666667,620.0,284.5,503.0,226.25,129.5,114.0,275.0,243.0,37.25,235.0,173.5,86.8,217.5,46.95,77.65,116.0,42.6
41.18375,40.6375,71.8,51.2,108.5,77.3666666666667,11.75,44.4642857142857,108.666666666667,32.35,35.9,428.5,211.5,22.8,115.0,407.0,18.0497058823529,,25.1,44.95625,134.931818181818,26.2,12.3,16.95,25.05,60.5,293.0,333.0,29.1463636363636,41.0,30.6,19.94,27.95,414.5,256.0,285.5,44.6111111111111,11.95,160.0,,27.924358974359,88.203125,19.7416666666667,,328.5,265.5,24.2975775193798,16.8,130.5,38.5,19.75,21.55,69.6375,24.6,235.0,149.5,25.0,51.3,87.3,206.25,59.7757575757576,106.84375,76.5,242.0,63.8,11.25,110.0,173.5,28.8308139534884,29.0994485294118,70.0,289.75,249.5,218.913793103448,43.008064516129,48.75,13.3512195121951,31.95,9.72,16.45,15.2291666666667,37.5727272727273,203.0,18.25,32.75,11.35,25.65,12.0,11.15,11.15,19.3,45.25,44.435,9.9975,24.15,17.65,28.0064516129032,14.25,8.79666666666666,11.5541666666667,20.4888888888889,21.4,283.5,76.4,4570.0,92.04,198.833333333333,100.0,111.5,51.3,25.1038461538462,457.711538461538,234.5625,10.05,122.25,59.1,8.24,40.05,31.45,74.3,67.75,59.0694444444444,138.5,112.583333333333,58.1153846153846,37.4357142857143,131.5,20.0583333333333,8.13096385542169,105.5,74.9,103.1875,81.6,620.0,284.0,503.0,226.0,129.5,114.0,275.0,243.0,37.25,235.0,173.5,86.8,217.5,46.9,77.6,116.0,42.6
41.1315860215054,40.6022222222222,71.825,51.2,108.5,77.3666666666667,11.75,44.4533333333333,109.0,32.3472972972973,35.9,429.5,211.5,22.79,115.1875,407.0,18.0357142857143,,25.1,44.95625,134.931818181818,26.2,12.3,16.95,25.0993333333333,60.5,293.0,333.0,29.1463636363636,41.0472222222222,30.6,19.95,27.95,414.5,256.0,285.5,44.6333333333333,11.95,160.0,,27.94375,88.2235294117647,19.715,,328.5,265.5,24.2846153846154,16.8,130.5,38.5,19.75,21.5907407407407,69.5947368421052,24.6,235.0,149.5,25.0,51.35,87.3,206.25,59.8,107.0,76.5,242.0,63.8,11.2673913043478,110.125,173.5,28.853947368421,29.0966216216216,70.0,289.5,249.5,218.98275862069,43.0,48.75,13.3861111111111,31.95,9.72,16.45,15.2059523809524,37.55,203.0,18.25,32.75,11.3,25.65,11.9666666666667,11.15,11.15,19.3,45.2625,44.4,10.0,24.1785714285714,17.65,28.0,14.25,8.79923076923077,11.55,20.4575,21.4,283.5,76.4,4570.0,92.1166666666667,199.0,99.85,111.5,51.2012987012987,25.1,458.083333333333,234.857142857143,10.05,122.0,59.0041666666667,8.20282122905028,40.05,31.45,74.2,67.75,59.0,138.388888888889,112.625,58.1083333333333,37.3863636363636,131.5,20.05,8.13,105.0,74.9,103.5,81.6,620.0,284.416666666667,503.0,226.0,129.0,114.0,275.0,243.0,37.25,235.0,173.5,86.8,217.5,46.9,77.6,116.0,42.5833333333333
41.1296296296296,40.6,71.825,51.2,108.5,77.4,11.75,44.4041666666667,109.0,32.352,35.9,429.5,211.5,22.79,115.1875,406.0,18.0481481481481,,25.1,44.95,134.931818181818,26.2,12.3,16.9583333333333,25.05,60.5,293.0,333.0,29.15,41.0,30.6,19.95,27.95,414.5,256.0,285.5,44.63,11.95,159.5,,27.93,88.2079365079365,19.7,,328.5,265.5,24.2554726368159,16.8086206896552,130.5,38.5,19.75,21.5557142857143,69.5,24.6,235.0,149.285714285714,25.0,51.3333333333333,87.22,206.0,59.8095238095238,107.0,76.5,242.0,63.775,11.25,110.0,173.5,28.855737704918,29.0985,70.0,289.52380952381,249.5,219.0,42.958988764045,48.7666666666667,13.35,31.95,9.71083333333334,16.45,15.2107142857143,37.5974358974359,203.0,18.25,32.75,11.3,25.65,11.95,11.15,11.15,19.3071428571429,45.25,44.4,9.99,24.15,17.65,28.0,14.25,8.790625,11.55,20.4625,21.3833333333333,284.0,76.4,4570.0,92.0055555555556,199.0,99.9,112.0,51.1017543859649,25.1,458.0,235.0,10.05,122.0,59.0,8.18613636363636,40.05,31.45,74.2166666666667,67.75,59.0370786516854,138.333333333333,112.541666666667,58.025,37.3863636363636,132.0,20.05,8.13015384615385,105.0,74.9,103.5,81.6,620.0,284.416666666667,503.0,226.5,129.375,114.0,275.0,243.0,37.3157894736842,235.0,173.5,86.8,217.5,46.9,77.5085714285714,116.0,42.5833333333333
41.1125,40.6042857142857,71.85,51.2,108.5,77.4,11.75,44.3423076923077,108.625,32.352,35.9,429.5,211.5,22.79,115.0,406.833333333333,18.05,,25.1,45.0,134.931818181818,26.2,12.3,16.9583333333333,25.05,60.5,292.5,333.0,29.15,40.95,30.6,19.95,27.95,414.5,256.0,285.5,44.65,11.95,159.875,,27.95,88.1916666666667,19.75,,328.5,265.440340909091,24.2423620025674,16.8,130.5,38.5,19.75,21.5714285714286,69.5,24.6,235.0,149.5,24.9916666666667,51.3,87.04375,206.0,59.8,106.979166666667,76.425,242.0,63.7,11.2551724137931,110.0,174.0,28.8521739130435,29.1066666666667,70.0,289.418032786885,249.5,218.586956521739,42.9333333333333,48.7666666666667,13.3592592592593,31.95,9.71083333333334,16.45,15.2,37.6010416666667,203.0,18.25,32.75,11.3,25.6392857142857,11.9522222222222,11.2,11.2,19.3,45.25,44.43,9.995,24.16,17.65,28.0,14.2450248756219,8.79882352941176,11.55,20.4606060606061,21.3583333333333,284.0,76.5,4570.0,92.0,198.8,99.795,111.5,50.9707894736842,25.1,458.392857142857,234.958333333333,10.0393617021277,122.0,58.98,8.16794642857143,40.04,31.45,74.2,67.7,59.0148148148148,138.5,112.714285714286,57.9708333333333,37.3863636363636,132.0,20.05,8.14,105.0,74.9,103.5,81.68,620.0,284.416666666667,503.0,226.5,129.142857142857,114.0,275.0,242.833333333333,37.4327586206897,235.0,173.5,86.8,217.5,46.9,77.5,116.0,42.5833333333333
41.1078947368421,40.65,71.8,51.2,108.5,77.4,11.75,44.18,109.0,32.352,35.9,429.5,211.5,22.79,115.0,406.833333333333,18.05,,25.1,45.0,134.931818181818,26.2,12.3,16.9642857142857,25.05,60.5,292.232673267327,333.0,29.15,40.95,30.55,19.9,27.95,414.25,256.0,285.5,44.675,11.95,159.75,,27.9334337349398,88.1378378378378,19.7333333333333,,328.352941176471,265.0,24.1935626102293,16.7973134328358,130.5,38.5,19.75,21.5625,69.5,24.6,235.0,149.5,24.99,51.3,87.0222222222222,206.0,59.7263157894737,107.0,76.5,242.0,63.8,11.25,110.055555555556,174.0,28.8267857142857,29.1017857142857,70.0,289.0,249.0,218.5,42.95,48.75,13.3529411764706,31.95,9.71,16.45,15.2,37.6,203.0,18.2,32.75,11.3,25.65,11.9540145985401,11.2,11.2,19.3,45.2761904761905,44.4333333333333,10.0,24.15,17.65,28.0069444444444,14.2,8.7925,11.55,20.495,21.3824324324324,284.0,76.5,4570.0,92.075,198.75,99.6454545454545,111.5,50.87375,25.1038461538462,457.944444444445,234.888888888889,10.0115384615385,122.0,58.975,8.17953488372093,40.0,31.45,74.3,67.7,59.0,138.5,112.875,57.9,37.3863636363636,132.0,20.05,8.14,105.0,74.9,103.277777777778,81.6928571428572,620.0,284.416666666667,503.0,226.5,129.2,114.0,275.0,242.833333333333,37.4327586206897,235.0,173.5,86.8,217.25,46.95,77.46,116.0,42.5833333333333
41.1,40.625,71.825,51.2,108.5,77.4,11.8,44.1192307692308,108.75,32.3,35.9,429.5,211.466666666667,22.79,115.1,406.333333333333,18.0375,,25.1,45.0,134.931818181818,26.2,12.3,16.9916666666667,25.05,60.5,292.0,333.0,29.15,40.95,30.55,19.9,27.95,414.25,256.0,285.5,44.7,11.95,160.0,,27.905,88.1520833333333,19.7333333333333,,328.375,265.0,24.156028708134,16.7907407407407,130.333333333333,38.5,19.75,21.5666666666667,69.5,24.6,235.0,149.5,24.995,51.3,87.1,206.0,59.7,107.15,76.5,242.0,63.7909090909091,11.250462962963,110.0,173.5,28.8479166666667,29.1207317073171,70.0,289.0,249.0,218.0,42.984375,48.725,13.35,31.95,9.71,16.45,15.21,37.6,203.0,18.2,32.75,11.3,25.6333333333333,11.9527777777778,11.15,11.15,19.3,45.25,44.4,10.0,24.1636363636364,17.65,28.0008196721311,14.2490740740741,8.79,11.55,20.4575,21.3541666666667,284.0,76.5,4575.0,92.0666666666667,198.535714285714,99.6,111.5,51.0,25.0671052631579,458.5,234.5,10.05,121.833333333333,59.0,8.19627906976744,40.0083333333333,31.45,74.3,67.7,59.00625,138.5,112.75,58.0166666666667,37.3863636363636,132.0,20.0551282051282,8.14,105.0,74.9,103.272727272727,81.7,620.0,284.5,503.0,226.5,129.5,114.0,275.0,242.5,37.35,235.0,173.25,86.8,217.25,46.9,77.46,116.0,42.5833333333333
41.0686554621849,40.6068181818182,71.8272727272727,51.2,108.5,77.4,11.8,44.06,109.0,32.3236842105263,35.8666666666667,428.0,211.466666666667,22.75,115.0,406.0,18.0,,25.1,45.0,134.931818181818,26.2,12.3,16.95,25.05,60.5,292.0,333.0,29.15,40.95,30.55,19.9,27.95,414.25,256.0,285.5,44.6833333333333,11.95,159.666666666667,,27.9,88.1070588235294,19.75,,328.4375,265.0,24.1676100628931,16.7698263386397,130.083333333333,38.5,19.75,21.575,69.5,24.6,235.0,149.5,24.995,51.3,87.1333333333333,206.333333333333,59.7,107.055555555556,76.5,242.0,63.7888888888889,11.2672413793103,110.071428571429,173.5,28.8549382716049,29.1285714285714,70.0,288.75,249.0,218.0,43.006,48.725,13.3741935483871,31.95,9.7025,16.45,15.243119266055,37.6,203.0,18.2,32.75,11.3092592592593,25.6333333333333,11.9545454545455,11.15,11.2,19.3,45.25,44.4,9.99,24.16,17.65,28.0058823529412,14.2,8.79,11.55,20.4668269230769,21.3794117647059,284.0,76.5,4575.0,92.0666666666667,198.5,99.7,111.5,50.9166666666667,25.1,458.928571428571,234.5,10.05,122.0,59.0,8.20406015037594,40.0470588235294,31.45,74.3,67.7,59.0095238095238,138.428571428571,112.7,58.05,37.35,131.5,20.05,8.14,105.0,74.9,103.5,81.7,620.0,284.5,503.0,226.5,129.5,114.0,275.0,242.5,37.35,235.0,173.5,86.8,217.25,46.9,77.6,116.0,42.5833333333333
41.053861003861,40.6,71.9,51.2,108.5,77.4,11.8,44.1111111111111,109.0,32.3272727272727,35.8666666666667,428.0,211.0,22.75,115.0,406.0,18.0,,25.1,44.95,134.931818181818,26.2,12.3,16.9568181818182,25.05,60.5,291.875,333.0,29.1375,40.9884615384615,30.55,19.9,27.9,413.5,256.0,285.5,44.7,11.95,160.0,,27.899,88.0756476683938,19.75,,328.5,265.0,24.15,16.7346153846154,130.0,38.5,19.75,21.6,69.4916666666667,24.6,235.0,149.5,25.0,51.3,87.1,206.166666666667,59.7285714285714,107.0,76.4333333333333,242.0,63.8,11.25,110.0,173.5,28.8985294117647,29.1559782608696,70.0,289.0,249.0,217.685185185185,43.0466666666667,48.7,13.3603448275862,31.95,9.7,16.45,15.2029411764706,37.5981481481481,203.0,18.2,32.75,11.3,25.625,11.95625,11.15,11.1529411764706,19.3,45.25,44.4,9.99,24.17,17.65,28.0038461538462,14.25,8.8,11.55,20.4575757575758,21.3565217391304,284.0,76.5,4575.0,91.9666666666666,198.5,99.65,111.75,50.9,25.05,458.857142857143,233.5,10.05,122.0,59.0,8.18860759493671,40.05,31.45,74.2,67.7,59.0,138.166666666667,112.555555555556,58.0,37.35,131.5,20.05,8.13977272727273,105.0,74.9,103.428571428571,81.6647058823529,620.0,284.5,503.0,226.5,129.5,114.0,275.0,242.0,37.35,235.0,173.5,86.8,217.25,46.9,77.5,116.0,42.5833333333333
41.0452975047985,40.6045454545455,71.9,51.2,108.5,77.4,11.75,44.065,108.75,32.3333333333333,35.8666666666667,428.0,211.0,22.75,115.0,405.75,18.0,,25.1,44.95,134.931818181818,26.2,12.3,16.9568181818182,25.0571428571429,60.5,291.515151515152,333.0,29.1,40.95,30.55,19.9,27.9,413.5,256.0,285.5,44.675,11.9398305084746,160.0,,27.8944444444444,88.0196078431373,19.7333333333333,,328.75,265.0,24.15,16.75,130.0,38.5,19.75,21.5875,69.5,24.6357142857143,235.0,149.5,25.0,51.2,86.978947368421,206.25,59.7,107.0,76.4,242.0,63.8,11.2555555555556,110.0,173.5,28.8760416666667,29.184375,70.0,289.5,249.0,218.042553191489,43.0583333333333,48.7,13.35,31.95,9.7,16.45,15.2,37.5875,203.0,18.2,32.75,11.35,25.6081081081081,11.95,11.15,11.15,19.3,45.25,44.4,9.99789473684211,24.175,17.7,28.0227272727273,14.25,8.79,11.55,20.4589285714286,21.3964285714286,284.0,76.5,4575.0,92.2951923076923,198.818181818182,99.6,111.75,50.825,25.05,458.333333333333,233.576923076923,10.05,122.0,58.9047619047619,8.19538461538462,40.05,31.45,74.2,67.8,59.0193548387097,138.0,112.5,58.025,37.35,131.5,20.05,8.14,105.0,74.9,103.3,81.6,620.0,284.5,503.0,226.25,129.5,114.0,275.0,242.0,37.35,235.0,173.0,86.8,217.25,46.9,77.5,116.0,42.5833333333333
41.0351063829787,40.59,71.825,51.2,108.5,77.4,11.8,44.065,109.0,32.3333333333333,35.8545454545455,428.0,211.0,22.75,115.0,405.4,18.05,,25.15,44.95,134.931818181818,26.2,12.3,16.95,25.05,60.5,291.5,333.0,29.1,40.98125,30.6,19.95,27.9,413.5,256.0,285.5,44.7,11.9606557377049,160.0,,27.9,88.0019230769231,19.75,,328.875,265.0,24.1747058823529,16.7583333333333,130.0,38.5,19.75,21.6,69.5,24.6357142857143,235.0,149.5,25.0,51.1,86.8875,206.470588235294,59.7375,107.0,76.31,242.0,63.8,11.25,110.25,173.5,28.8681818181818,29.1892857142857,70.0,289.333333333333,249.0,218.01724137931,43.1,48.7428571428571,13.3622950819672,31.9,9.7,16.45,15.2078947368421,37.56,203.0,18.2,32.75,11.35,25.6,11.95,11.15,11.15,19.3,45.25,44.425,9.99,24.1875,17.65,28.0,14.25,8.79142857142857,11.55,20.45,21.3571428571429,284.0,76.5,4575.0,92.175,198.5,99.5117647058824,111.5,50.7791666666667,25.05,457.8125,233.214285714286,10.05,122.0,58.8444444444445,8.18147058823529,40.0,31.45,74.2,67.8,58.9928571428572,138.0,112.714285714286,58.0,37.35,131.5,20.05,8.1352380952381,105.0,74.9,103.5,81.66,620.0,284.5,503.0,226.666666666667,129.5,114.0,275.0,242.0,37.35,235.0,173.214285714286,86.8,217.5,46.9,77.5076923076923,116.0,42.5833333333333
41.0263636363636,40.6,71.8,51.28,108.5,77.3333333333333,11.75,44.14,108.625,32.3375,35.8545454545455,428.0,211.0,22.8,115.25,405.5,18.0,,25.1,44.95,134.931818181818,26.2,12.3,16.95,25.05,60.5,291.014285714286,333.0,29.15,40.975,30.6,19.95,27.9,413.5,256.0,285.5,44.7,11.9621951219512,159.833333333333,,27.9,88.003947368421,19.74,,328.5,265.076923076923,24.2,16.8,130.0,38.5,19.7884615384615,21.5958333333333,69.5,24.6357142857143,235.0,149.5,25.0,51.1333333333333,87.0666666666667,206.458333333333,59.7,107.375,76.4,242.0,63.8,11.25,110.0,174.0,28.85,29.1739130434783,70.0,289.0,249.5,217.833333333333,43.0666666666667,48.75,13.3542372881356,31.9,9.71,16.4625,15.2,37.5909090909091,203.0,18.2,32.75,11.3,25.6,11.9515463917526,11.15,11.1916666666667,19.3,45.25,44.4016666666667,9.99525,24.15625,17.65,28.0,14.2,8.79,11.5583333333333,20.4586206896552,21.3875,284.0,76.5,4575.0,92.3,198.0,99.5133333333333,112.0,50.7485714285714,25.05,457.785714285714,233.342105263158,10.04375,122.0,58.9333333333333,8.19211538461538,40.0,31.45,74.2,67.8,58.9013698630137,138.071428571429,112.625,58.0,37.35,132.0,20.05,8.14,105.0,74.8,103.5,81.6,620.0,284.5,503.0,226.5,129.5,114.0,275.0,242.8,37.35,235.0,173.214285714286,86.8,217.5,46.9,77.5076923076923,116.0,42.65
41.0183908045977,40.6,71.7869565217391,51.28,108.5,77.3666666666667,11.75,44.1111111111111,109.0,32.35,35.8545454545455,429.0,211.0,22.8,115.25,405.0,18.0469230769231,,25.1,44.975,134.931818181818,26.2,12.3,16.95,25.05,60.5,291.0,333.0,29.2,40.95,30.6,19.95,27.9,413.5,256.0,285.5,44.69,11.95,159.7,,27.9,88.0,19.7318181818182,,328.875,265.122448979592,24.2346511627907,16.775,130.0,38.5,19.75,21.6,69.4,24.6,235.0,149.5,25.0,51.1333333333333,87.0666666666667,206.0,59.7,107.5,76.35,242.0,63.7,11.28125,110.0,173.214285714286,28.85,29.2,70.0,289.5,249.5,217.570512820513,43.0666666666667,48.75,13.35,31.9,9.70714285714286,16.45,15.2,37.55,203.0,18.2,32.75,11.3,25.61,11.95,11.15,11.153125,19.3,45.25,44.4071428571429,9.99525,24.1637254901961,17.65,28.003125,14.25,8.79,11.55,20.45,21.4,284.0,76.5,4575.0,92.3,198.0,99.6,111.5,50.7655172413793,25.06,457.5,233.48,10.05,122.0,58.9666666666667,8.19304347826087,40.0,31.45,74.2,67.8,58.8974137931035,138.396551724138,112.866666666667,58.0,37.3,132.0,20.065,8.14,105.0,74.8,103.5,81.6,620.0,284.5,503.0,227.0,129.5,114.0,275.0,242.75,37.35,235.5,172.7,86.8,217.5,46.9,77.4272727272727,116.0,42.65
41.0055466237942,40.6030927835051,71.7,51.275,108.5,77.3666666666667,11.7714285714286,44.1083333333333,109.0,32.35,35.8545454545455,429.0,211.0,22.8,115.25,405.5,18.05,,25.1,44.975,134.931818181818,26.2,12.3,16.9375,25.05,60.5,291.5,332.666666666667,29.2,40.9625,30.6,19.9,27.9,413.5,256.0,285.5,44.7,11.95,160.0,,27.9,88.0424242424243,19.7277777777778,,328.625,265.081081081081,24.2463768115942,16.7961538461538,130.4375,38.5,19.7492957746479,21.6,69.4,24.6,234.5,149.5,24.95,51.1333333333333,87.1,206.0,59.7,107.5,76.4,242.0,63.7,11.2555555555556,110.02380952381,173.5,28.85,29.2185567010309,70.0,289.5,249.333333333333,217.906779661017,43.0666666666667,48.75,13.35,31.9,9.71,16.45,15.2125,37.55,203.0,18.25,32.75,11.3,25.65,11.95,11.15,11.153125,19.3,45.2483333333333,44.4012195121951,10.0,24.1928571428571,17.65,28.0,14.2428571428571,8.8,11.55,20.4516025641026,21.4,283.5,76.5,4575.0,92.2,198.0,99.6,111.5,50.7583333333333,25.0791666666667,458.0,233.642857142857,10.05,122.0,58.9333333333333,8.18,40.0166666666667,31.45,74.2,67.9,58.8387096774193,138.5,113.0,58.02,37.3,132.0,20.05,8.14,105.5,74.8,103.428571428571,81.6,620.0,284.5,503.0,227.0,129.5,114.0,275.0,242.5,37.35,235.5,173.5,86.8,217.5,46.9,77.55,116.0,42.65
41.0236206896552,40.6048387096774,71.7,51.28,108.5,77.32,11.7714285714286,44.06875,108.75,32.35,35.8545454545455,429.0,211.0,22.8,115.25,405.5,18.05,,25.1,45.0,134.931818181818,26.2,12.3,16.9075,25.05,60.5,291.5,332.666666666667,29.2,40.9818181818182,30.6,19.9333333333333,27.9,413.5,256.0,285.5,44.7,11.95,160.0,,27.9125,88.0058823529412,19.725,,329.0,265.066037735849,24.2313333333333,16.8,130.5,38.5,19.75,21.6,69.4,24.6,234.5,150.0,24.9772727272727,51.1,87.06,206.5,59.7857142857143,107.5,76.4,242.0,63.7,11.25,110.0,173.5,28.8630434782609,29.2984848484849,70.0,289.25,249.5,218.095238095238,43.0941176470588,48.75,13.35,31.9,9.70875,16.45,15.2,37.55,203.0,18.2,32.75,11.3,25.65,11.95,11.2,11.15,19.3,45.2,44.4,9.99,24.1885714285714,17.65,28.025641025641,14.25,8.8,11.5583333333333,20.45,21.394,283.5,76.5,4575.0,92.075,198.0,99.6,111.5,50.8229508196721,25.1022727272727,458.5,233.75,10.0444444444444,121.75,58.9,8.17356435643564,40.0333333333333,31.45,74.1,67.825,58.855,138.5,113.333333333333,57.9125,37.3,132.0,20.0794117647059,8.14,105.5,74.8,103.416666666667,81.6,620.0,284.5,503.0,227.0,129.8125,114.0,275.0,242.5,37.3,235.5,173.5,86.8,217.5,46.9,77.5,116.0,42.65
41.0414728682171,40.6,71.7,51.3,108.5,77.4,11.75,44.0714285714286,108.6,32.35,35.8545454545455,429.0,211.25,22.8,115.25,405.0,18.05,,25.1,44.95,134.931818181818,26.2,12.3,16.9,25.05,60.5,291.75,334.0,29.2,40.95,30.55,19.95,27.9,413.5,256.0,285.5,44.7,11.95,159.5,,27.9,88.0,19.7485294117647,,329.0,265.014705882353,24.2429347826087,16.8,130.5,38.5,19.75,21.59,69.4,24.6,235.0,149.5,25.0,51.1,87.1,206.428571428571,59.7066666666667,107.5,76.4,242.0,63.7,11.2555555555556,110.222222222222,173.5,28.9,29.2547244094488,69.9,289.0,249.5,218.0,43.1,48.75,13.365306122449,31.95,9.71,16.45,15.2323529411765,37.5681818181818,203.0,18.2,32.75,11.35,25.65,11.9615384615385,11.2,11.1645161290323,19.3,45.2,44.4,10.0,24.1803571428571,17.65,28.0103448275862,14.25,8.8,11.55,20.45,21.3916666666667,283.5,76.5,4575.0,92.2,198.357142857143,99.7,112.0,50.9148148148148,25.1111111111111,458.5,233.5,10.05,121.75,59.0,8.18,40.05,31.45,74.1,67.825,58.8727272727273,138.5,113.0,57.98,37.3,132.0,20.05,8.14,105.5,74.8,103.222222222222,81.5888888888889,620.0,284.0,503.0,227.0,129.75,114.0,275.0,243.5,37.3,235.5,173.25,86.8,217.5,46.9,77.5,116.0,42.6
41.0486522911051,40.64,71.7714285714286,51.2875,108.5,77.4,11.75,44.0772727272727,108.833333333333,32.35,35.8545454545455,429.0,211.25,22.7722222222222,115.25,405.0,18.0462962962963,,25.1,44.95,134.931818181818,26.2,12.3,16.9,25.1,60.5,291.75,334.0,29.15,40.9625,30.55,19.9,27.9,413.5,256.0,285.5,44.7,11.95,159.9,,27.9,88.0071038251366,19.7,,328.5,265.029411764706,24.2494959677419,16.8,130.625,38.5,19.75,21.56875,69.5,24.6,234.5,149.5,24.95,51.1,87.1,206.0,59.7,107.0,76.35,242.0,63.7,11.25,110.222222222222,173.5,28.9,29.2631578947368,69.9,289.0,249.5,218.463414634146,43.1,48.75,13.35,31.95,9.70162162162162,16.45,15.2304878048781,37.6020547945205,203.0,18.2,32.75,11.35,25.65,11.9861111111111,11.2,11.15,19.3,45.2125,44.4,10.0,24.175,17.65,28.0,14.25,8.795,11.55,20.4578125,21.4,283.5,76.5,4575.0,92.0,198.0,99.7,111.5,51.0,25.1233333333333,459.0,233.5,10.05,122.0,58.9666666666667,8.18970873786408,40.05,31.45,74.2,67.8,58.9,138.5,113.0,58.1,37.3,132.0,20.05,8.14,105.5,74.9,103.388888888889,81.5705882352941,620.0,284.0,503.0,227.0,129.75,114.0,275.0,242.833333333333,37.3125,235.0,173.5,86.8,217.5,46.9,77.5,116.0,42.6
41.0704545454545,40.65,71.7714285714286,51.2,109.0,77.3916666666667,11.75,44.1,109.0,32.35,35.8545454545455,427.25,211.0,22.7722222222222,115.25,405.0,18.0625,,25.1,44.95,134.931818181818,26.2,12.3,16.9039473684211,25.05,60.5,291.447368421053,334.0,29.15,40.9785714285714,30.55,19.95,27.9,413.5,256.5,285.5,44.7,11.95,160.0,,27.9,88.0,19.7333333333333,,328.5,265.138888888889,24.2905555555556,16.7928571428571,130.5,38.5,19.75,21.6,69.45,24.6,234.5,149.5,24.95,51.1,87.1,206.0,59.7,106.970238095238,76.34,242.0,63.79375,11.25,110.222222222222,173.5,28.9027777777778,29.2625,69.9,289.25,249.5,218.5,43.1,48.75,13.3490163934426,31.95,9.70352941176471,16.45,15.2115384615385,37.6071428571429,203.0,18.2,32.75,11.35,25.65,11.9861111111111,11.2,11.15,19.3,45.2125,44.4,10.0,24.1955882352941,17.65,28.025,14.25,8.79,11.6,20.45,21.35,283.5,76.5,4575.0,92.2,198.0,99.8,111.5,51.0,25.1,459.25,233.833333333333,10.0386363636364,121.75,59.0,8.19736842105263,40.075,31.45,74.2,67.8,58.92,138.5,113.0,58.1,37.3,132.0,20.05,8.13533333333333,105.5,74.9,103.2,81.6,620.0,284.0,503.0,226.75,130.0,114.5,275.0,242.5,37.3,235.0,173.5,86.8,217.5,46.85,77.5428571428571,116.0,42.6
41.071686746988,40.65,71.74,51.2,108.5,77.3916666666667,11.7833333333333,44.125,108.8125,32.35,35.8545454545455,427.0,211.0,22.75,115.25,404.5,18.05,,25.1,44.95,134.931818181818,26.2,12.3,16.9,25.0923076923077,60.5,291.5,334.0,29.15,40.95,30.55,19.95,27.9,413.5,256.5,285.5,44.7,11.95,160.0,,27.9,87.903125,19.75,,328.5,265.254901960784,24.2837301587302,16.8,130.75,38.5,19.75,21.5958333333333,69.45,24.6,234.5,149.5,24.95,51.1,87.1,206.0,59.7142857142857,107.0,76.4,242.0,63.79375,11.2947154471545,110.5,173.5,28.88,29.25,70.0,289.25,249.5,218.571428571429,43.15,48.75,13.3465909090909,31.95,9.71,16.45,15.2078947368421,37.6,203.0,18.2,32.75,11.35,25.65,11.95,11.15,11.15,19.3,45.2,44.4,10.0,24.2,17.65,28.0159090909091,14.21,8.79,11.55,20.4561403508772,21.4,283.5,76.5,4575.0,92.0769230769231,198.5,99.75,111.5,50.89375,25.1071428571429,456.95,234.0,10.05,121.75,58.8333333333333,8.18,40.05,31.45,74.125,67.8,58.9088235294118,138.75,113.0,58.02,37.3,132.0,20.05,8.12926470588235,105.5,74.9,103.25,81.6,620.0,284.0,503.0,226.5,129.75,114.5,275.0,242.5,37.3,235.0,173.5,86.8,217.5,46.8,77.5,116.0,42.6
41.097,40.6222222222222,71.74,51.2,109.0,77.3142857142857,11.7833333333333,44.0863636363636,109.0,32.35,35.8545454545455,426.5,211.0,22.75,115.5,404.5,18.05,,25.1,44.95,134.931818181818,26.2,12.3,16.9045454545455,25.0625,60.5,291.037037037037,334.0,29.2,40.95,30.55,19.95,27.9,413.5,256.5,285.5,44.7,11.95,159.5,,27.9,87.9121212121212,19.7454545454545,,328.25,265.096153846154,24.2696774193548,16.8,130.25,38.5,19.75,21.5861111111111,69.4,24.6,234.5,149.5,24.95,51.1,87.1,206.0,59.7,107.0,76.4,242.0,63.8,11.29375,110.0,173.5,28.8880952380952,29.3009868421053,69.9,289.5,249.5,218.5,43.15,48.75,13.3117647058824,31.95,9.71,16.45,15.2,37.6,203.0,18.2,32.75,11.35,25.6428571428571,11.95,11.2,11.15,19.325,45.2,44.4,10.0,24.2,17.65,28.0033898305085,14.25,8.79,11.55,20.4575757575758,21.4,283.5,76.5,4575.0,92.0769230769231,198.5,99.8,111.527272727273,50.7633333333333,25.1285714285714,456.229166666667,233.857142857143,10.05,122.0,59.0,8.17558823529412,40.075,31.45,74.2,67.8,58.905,138.5,113.0,58.06,37.3,132.0,20.05,8.12888888888889,105.083333333333,74.9,103.095238095238,81.6333333333333,620.0,284.5,501.0,227.0,130.0,114.5,275.0,242.5,37.3333333333333,235.0,173.5,86.8,217.5,46.8,77.4666666666667,116.0,42.6
41.0613636363636,40.6388888888889,71.7,51.2,108.625,77.3833333333333,11.7833333333333,44.0730769230769,108.590909090909,32.35,35.9,426.0,211.0,22.75,115.5,404.5,18.05,,25.1,44.95,134.931818181818,26.2,12.3,16.9045454545455,25.1,60.5,291.0,334.0,29.2,40.95,30.55,19.95,27.9,413.5,256.5,285.5,44.7,11.95,160.0,,27.9,87.896,19.7446428571429,,328.410714285714,265.051020408163,24.271875,16.8,130.0,38.5,19.7,21.5861111111111,69.4,24.6,234.5,149.5,25.05,51.1,87.1,206.0,59.7333333333333,106.5,76.35,242.0,63.8,11.29125,110.0,173.5,28.9203125,29.3637209302326,69.9,289.5,249.5,218.5,43.231914893617,48.75,13.3,31.95,9.71,16.45,15.2216216216216,37.58,203.0,18.2,32.75,11.35,25.65,11.95,11.2,11.15,19.3,45.2,44.45,10.0,24.2,17.65,28.011320754717,14.25,8.79,11.5538461538462,20.45,21.3888888888889,283.5,76.5,4570.0,91.98,198.0,99.8,111.527272727273,50.6444444444445,25.125,454.983516483516,234.0,10.05,122.0,59.0,8.17021978021978,40.05,31.45,74.2,67.8,58.9,138.5,113.0,58.1,37.3,132.0,20.05,8.1265625,105.083333333333,74.9,103.5,81.6,620.0,284.5,501.0,226.75,130.0,114.5,275.0,242.5,37.3142857142857,235.0,173.5,86.7,217.5,46.8166666666667,77.4,116.0,42.6
41.0914414414414,40.6194444444445,71.8,51.2,109.0,77.3833333333333,11.7833333333333,44.2366666666667,109.0,32.35,35.9,426.5,211.0,22.75,115.5,404.0,18.05,,25.1,44.95,134.931818181818,26.2,12.3,16.93,25.05,60.5,291.0,334.0,29.2,40.95,30.55,19.95,27.9,413.5,256.5,285.5,44.7,11.95,160.0,,27.9,87.8636363636363,19.7166666666667,,328.5,265.122950819672,24.2603448275862,16.8,130.5,38.5,19.7,21.6,69.4333333333333,24.6,234.5,149.5,25.05,51.3,87.1,206.5,59.7,107.0,76.4,242.0,63.8,11.2879310344828,109.6,173.5,28.9746835443038,29.3764705882353,69.9,289.0,249.5,218.538461538462,43.2,48.7,13.3,31.95,9.71,16.45,15.2405405405405,37.55,203.0,18.2,32.75,11.35,25.645,11.9625,11.2,11.15,19.3,45.24,44.4,10.0,24.1538461538462,17.65,28.0209302325581,14.24375,8.795,11.55,20.465625,21.3928571428571,283.5,76.5,4570.0,92.1333333333333,198.0,99.82,111.833333333333,50.6277777777778,25.1105263157895,454.162162162162,234.083333333333,10.0510563380282,122.0,59.0,8.18,40.05,31.45,74.2,67.8,58.9,138.5,113.0,58.2,37.3,131.5,20.05,8.12923076923077,105.5,74.9,103.5,81.625,620.0,284.5,501.0,226.5,130.0,114.5,275.0,242.5,37.35,235.0,173.083333333333,86.7,217.5,46.9,77.4,116.0,42.6
41.0658536585366,40.626,71.7,51.2,108.75,77.3833333333333,11.8,44.1772727272727,109.0,32.35,35.9,426.5,211.0,22.75,115.5,404.0,18.05625,,25.1,44.95,134.931818181818,26.2,12.3,16.9,25.05,60.5,291.692307692308,334.0,29.1454545454545,40.96,30.55,19.95,27.95,413.5,256.5,285.5,44.7,11.95,160.0,,27.9,87.9,19.7458333333333,,328.533333333333,265.051020408163,24.2552966101695,16.7978571428571,130.5,38.5,19.7,21.55,69.4,24.6,234.5,149.5,25.0,51.2454545454545,87.1,206.0,59.7,107.0,76.4,242.0,63.8,11.25,109.944444444444,173.5,29.0003012048193,29.3882352941176,69.9,289.1,249.5,218.710526315789,43.19375,48.7,13.3,31.95,9.71,16.45,15.2055555555556,37.55,203.0,18.23125,32.75,11.345,25.65,11.9642857142857,11.15,11.19,19.3,45.225,44.4045454545454,10.0,24.1727272727273,17.6666666666667,28.0044444444444,14.25,8.79086956521739,11.55,20.4588235294118,21.4,283.5,76.5,4570.0,92.2666666666667,198.5,99.9,111.5,50.795,25.1277777777778,454.259259259259,234.0,10.05,122.0,58.95,8.17444444444445,40.075,31.45,74.2,67.8,58.895,138.5,113.2,58.4,37.3,132.0,20.08,8.12045454545454,105.5,74.9,103.5,81.7,620.0,284.5,501.0,227.0,129.75,114.5,275.0,242.5,37.3,235.0,173.5,86.7,217.5,46.8,77.6,116.0,42.6
41.0803225806452,40.65,71.7,51.2,109.0,77.4,11.8,44.21,108.875,32.3198996655518,35.9,426.125,211.0,22.75,115.5,404.0,18.0833333333333,,25.1,44.95,134.5,26.2,12.3,16.9,25.05,60.5,292.125,334.0,29.1454545454545,40.95,30.55,19.95,27.95,413.5,256.5,285.5,44.7,11.95,160.0,,27.9,87.8727540500737,19.7318181818182,,328.678571428571,265.189189189189,24.2496688741722,16.7984848484849,130.125,38.5,19.75,21.58125,69.4125,24.6,234.5,149.5,25.0,51.2,87.1,206.0,59.7,107.0,76.4,242.0,63.8,11.2942477876106,110.0,173.75,29.0472972972973,29.4028301886792,69.9,289.1,249.333333333333,218.708333333333,43.15,48.7,13.3,31.95,9.71,16.45,15.2090909090909,37.5590909090909,203.0,18.23125,32.75,11.35,25.65,12.0,11.15,11.15,19.3,45.2,44.4030303030303,10.0,24.175,17.65,28.0133333333333,14.244,8.79,11.5931034482759,20.4625,21.4,283.5,76.5,4570.0,92.2,198.5,99.9,111.5,50.75,25.1026315789474,454.5,234.142857142857,10.0357142857143,121.75,58.9666666666667,8.18,40.05,31.45,74.2,67.8,58.8916666666667,139.0,113.0,58.4666666666667,37.3,132.0,20.08,8.12070921985815,105.25,74.9,103.5,81.64,620.0,284.5,501.0,226.75,129.5,114.5,275.0,242.5,37.4,235.0,173.5,86.7,217.25,46.8,77.5090909090909,116.0,42.6
41.075,40.6333333333333,71.7,51.3,108.5,77.39,11.8,44.175,108.785714285714,32.3198996655518,35.9,427.0,211.0,22.75,115.5,404.0,18.05,,25.15,44.95,134.5,26.2,12.35,16.9125,25.05,60.5,292.0,334.0,29.15,40.95,30.55,19.915,27.95,413.5,256.5,285.5,44.7,11.95,159.875,,27.956015037594,87.9991379310345,19.7333333333333,,328.785714285714,265.208333333333,24.2377551020408,16.8041666666667,130.0,38.5,19.8,21.6,69.475,24.6,234.5,149.5,25.0,51.2,87.1,206.0,59.75,107.0,76.4333333333333,242.0,63.8,11.2692307692308,110.0,173.75,29.0305555555555,29.4235294117647,70.0,289.1,249.5,218.875,43.15,48.75,13.3128712871287,31.95,9.71,16.45,15.22,37.5576923076923,203.0,18.2,32.75,11.35,25.65,12.0,11.15,11.15,19.3,45.2333333333333,44.3970588235294,10.0,24.15,17.65,28.0032786885246,14.2375,8.79111111111111,11.5931034482759,20.45,21.39375,283.5,76.5,4570.0,92.2,198.0,99.9,111.5,50.71,25.1176470588235,455.604166666667,234.142857142857,10.05,122.0,58.95,8.18,40.05,31.45,74.2,67.9,58.8555555555555,139.0,113.35,58.5,37.3,132.0,20.05,8.12583333333333,105.5,74.9,103.368421052632,81.7,620.0,284.5,501.0,226.5,130.0,114.5,275.0,242.928571428571,37.35,235.75,173.166666666667,86.7,217.25,46.85,77.5,116.0,42.6
41.092,40.6416666666667,71.75,51.3,109.0,77.3833333333333,11.8,44.2428571428571,109.0,32.4,35.9,427.0,211.0,22.75,115.5,404.25,18.05,,25.15,44.95,134.5,26.2,12.35,16.9125,25.0583333333333,60.5,292.0,334.0,29.15,40.9785714285714,30.55,19.915,27.95,413.5,256.5,285.5,44.7,11.95,159.6,,27.9730769230769,88.0576923076923,19.73125,,328.833333333333,265.1375,24.2415094339623,16.8,130.333333333333,38.5,19.8,21.55,69.475,24.6,234.5,149.666666666667,24.98125,51.2,87.16,206.0,59.7,107.0,76.45,242.0,63.875,11.2590909090909,110.0,173.55,29.0644927536232,29.5688690476191,70.0,289.5,249.75,218.902777777778,43.1615384615385,48.75,13.3325757575758,31.95,9.71,16.45,15.2083333333333,37.5541666666667,203.0,18.2,32.75,11.35,25.6494186046512,11.9537037037037,11.15,11.16,19.3,45.22,44.4,10.0,24.1944444444444,17.6478260869565,28.0305084745763,14.2,8.79265734265734,11.5875,20.4564102564103,21.3517543859649,283.5,76.5,4570.0,92.1272727272727,198.0,99.9,111.75,50.7363636363636,25.1053571428571,455.0,234.3,10.0454545454545,122.0,58.9333333333333,8.17521008403361,40.05,31.45,74.2,67.8,58.8008620689655,139.25,113.166666666667,58.5,37.3,132.0,20.054,8.12933333333333,105.5,74.9,103.409090909091,81.6714285714286,620.0,284.5,501.0,227.0,130.0,114.0,275.0,242.75,37.4,235.75,173.125,86.7,217.25,46.85,77.5,116.0,42.6
41.0803278688525,40.5923076923077,71.71,51.3,108.6,77.4,11.8,44.15,109.0,32.4,35.9,427.0,211.0,22.75,115.0,403.0,18.05,,25.15,45.0,135.0,26.2,12.3,16.9038461538462,25.05,60.5,291.5,334.0,29.15,40.97,30.55,19.9333333333333,27.95,413.5,256.5,285.5,44.67,11.95,160.0,,27.9552631578947,88.1474576271186,19.7166666666667,,329.0,265.358208955224,24.2432835820896,16.8055555555556,130.3125,38.5,19.8,21.55,69.4888888888889,24.6,234.5,149.666666666667,24.98125,51.2,87.1333333333333,206.0,59.7,107.0,76.5,242.0,63.8,11.2659090909091,110.0,173.5,29.06,29.7868937644342,70.0,289.5,249.5,218.9,43.15,48.7,13.3146341463415,31.95,9.71,16.45,15.2440092165899,37.5552631578947,203.0,18.2,32.75,11.35,25.65,11.9537037037037,11.15,11.2,19.3,45.2,44.3944444444444,9.99,24.2,17.6478260869565,28.0076086956522,14.2416666666667,8.79,11.55,20.4639534883721,21.3517543859649,284.0,76.5,4570.0,92.1111111111111,198.0,99.85,111.833333333333,50.8,25.103488372093,454.863636363636,234.5,10.05,122.0,58.85,8.18846153846154,40.05,31.45,74.2,67.8333333333333,58.7925,139.0,113.0,58.5,37.3,131.5,20.05,8.125,105.5,74.9,103.375,81.7,620.0,284.0,501.0,227.0,129.857142857143,114.0,275.0,242.5,37.35,235.75,173.5,86.7,217.5,46.85,77.4666666666667,116.0,42.65
41.0836538461538,40.6,71.7,51.3,109.0,77.3,11.7822580645161,44.1833333333333,108.714285714286,32.4,35.9,426.0,211.0,22.75,115.0,403.5,18.05,,25.15,44.95,135.0,26.2,12.3,16.9020833333333,25.1,60.5,291.85,334.0,29.2,40.975,30.55,19.9333333333333,27.95,413.5,256.5,285.5,44.7,11.95,160.0,,27.975,88.1964539007092,19.7227272727273,,329.0,265.258333333333,24.25,16.8020833333333,130.5,38.5,19.8,21.55,69.4166666666667,24.6,235.0,149.75,25.0,51.2,87.1,206.441176470588,59.6631578947368,107.0,76.4142857142857,242.0,63.8,11.25,110.0,174.0,29.0523255813954,29.7400473933649,70.0,289.0,249.5,218.8125,43.2,48.75,13.3069444444444,31.95,9.71034482758621,16.45,15.2083333333333,37.5571428571429,203.0,18.2,32.75,11.35,25.64375,12.0,11.15,11.2,19.3,45.2,44.3666666666667,10.0,24.19625,17.6,28.0270491803279,14.24,8.79375,11.575,20.45,21.3517543859649,284.0,76.5,4570.0,92.2,198.0,99.7875,111.5,50.8181818181818,25.1035087719298,455.055555555555,234.5,10.0052631578947,121.9,58.9,8.18761904761905,40.05,31.45,74.2,67.8,58.7875,139.0,113.0,58.5,37.3,131.5,20.0666666666667,8.12388888888889,105.5,74.9,103.444444444444,81.6941176470588,620.0,284.0,501.0,227.0,129.738095238095,114.0,275.0,243.0,37.421875,235.75,173.5,86.7,217.5,46.85,77.5,116.0,42.6
41.0774193548387,40.5861111111111,71.7375,51.3,109.0,77.4,11.75,44.2,109.0,32.359649122807,35.9,426.25,211.5,22.73125,115.0,403.5,18.05,,25.1,44.95,135.0,26.2,12.3,16.9,25.1,60.5,291.8,334.0,29.2,40.994,30.55,19.9083333333333,27.95,413.5,256.5,285.5,44.7,11.955,159.75,,27.95,88.2,19.7,,329.075,265.105263157895,24.253,16.8,130.5,38.5,19.75,21.55,69.4,24.6125,234.5,149.75,25.0,51.2,87.1,206.0,59.64,106.833333333333,76.45,242.0,63.8,11.25,110.0,174.0,29.0277777777778,29.7,70.0,289.333333333333,250.0,218.840909090909,43.2,48.75,13.3348214285714,31.95,9.70411764705882,16.45,15.2,37.5666666666667,202.5,18.2,32.75,11.3,25.65,12.0,11.15,11.2,19.3071428571429,45.2,44.35,9.996,24.1815789473684,17.6,28.0078125,14.25,8.79,11.55,20.4660714285714,21.353,284.0,76.5,4570.0,92.2,198.0,99.7875,111.75,50.840625,25.1,452.566666666667,234.125,10.05,121.75,58.9,8.16198648648649,40.05,31.45,74.2,67.8,58.8,139.0,113.25,58.5,37.35,132.0,20.0826923076923,8.12938461538462,105.5,74.9,103.5,81.7,620.0,284.0,501.0,226.666666666667,129.75,114.0,275.0,243.0,37.4055555555556,235.75,173.5,86.7,217.5,46.925,77.5333333333333,116.5,42.6
41.0672413793103,40.5916666666667,71.8,51.3,109.0,77.3833333333333,11.75,44.2,108.611111111111,32.3642857142857,35.9,426.0,211.166666666667,22.7,115.0,403.5,18.05,,25.1,44.9666666666667,135.0,26.2,12.3,16.9,25.0576923076923,60.6,291.5,334.0,29.15,40.9875,30.55,19.9083333333333,27.95,413.5,256.5,285.5,44.7,11.95,160.0,,27.95,88.178313253012,19.7111111111111,,329.107142857143,265.533333333333,24.2689320388349,16.8,130.666666666667,38.5,19.75,21.5586206896552,69.4,24.6125,235.0,149.75,24.95,51.2,87.1333333333333,206.0,59.7,106.916666666667,76.5,242.0,63.8,11.25,110.0,173.666666666667,29.08,29.7198795180723,70.0,289.0,249.5,218.916666666667,43.2,48.75,13.3,31.95,9.7075,16.45,15.2115384615385,37.55,202.5,18.2014285714286,32.75,11.3,25.65,11.9666666666667,11.15,11.2,19.3,45.2445945945946,44.39,9.996,24.1636363636364,17.6,28.0104166666667,14.25,8.7925641025641,11.55,20.4761904761905,21.4,284.0,76.5,4570.0,92.1333333333333,198.0,99.8,111.538461538462,50.8875,25.1078125,452.09649122807,234.0,10.05,122.0,58.9,8.14354838709678,40.05,31.45,74.2,67.8,58.9,139.166666666667,113.25,58.4,37.35,131.5,20.0527777777778,8.1262962962963,105.5,74.9,103.5,81.7333333333333,620.0,284.0,501.0,226.75,129.833333333333,114.0,275.0,243.0,37.4211538461538,235.75,173.5,86.7,218.0,46.85,77.6,116.5,42.6
41.0628472222222,40.5888888888889,71.8,51.3,109.0,77.4,11.75,44.19375,109.0,32.3642857142857,35.9,426.0,211.5,22.7,115.166666666667,402.5,18.0833333333333,,25.1,44.95,135.0,26.2,12.3,16.9,25.0837837837838,60.6,292.0,334.0,29.2,40.96,30.55,19.9,27.95,414.5,256.5,285.5,44.7,11.95,159.5,,27.9727272727273,88.1479166666667,19.7392857142857,,329.0,265.602272727273,24.2755319148936,16.8,130.2,38.5,19.75,21.6,69.4,24.6125,235.0,150.0,24.95,51.3,87.0090909090909,206.0,59.7,107.0,76.5,242.0,63.8,11.2763157894737,110.0,173.5,29.0127659574468,29.8076811594203,70.0,289.08,249.5,219.0,43.2041666666667,48.7,13.3032051282051,31.95625,9.70387096774193,16.45,15.2,37.55,202.5,18.2,32.75,11.3,25.6464285714286,11.9666666666667,11.15,11.2,19.3,45.2,44.375,10.0,24.1523809523809,17.62,28.0253968253968,14.25,8.79151515151515,11.55,20.4696428571429,21.4,284.0,76.5,4570.0,92.1333333333333,198.25,99.8,111.538461538462,50.9,25.1011235955056,449.330275229358,234.166666666667,10.0477777777778,122.0,58.8625,8.160625,40.05,31.45,74.2,67.8,58.9,139.0,113.425,58.4,37.35,131.5,20.0541666666667,8.12074074074074,105.5,74.9,103.5,81.7833333333333,620.0,284.0,501.0,226.5,129.5,114.0,275.0,243.5,37.435,235.5,173.5,86.7,218.0,46.95,77.6,116.5,42.6
41.05,40.5892857142857,71.7,51.2857142857143,108.75,77.4,11.775,44.2,109.0,32.3575,35.9,425.75,211.25,22.7,115.0,402.5,18.1,,25.1,44.95,135.0,26.2,12.3,16.9,25.1,60.6,292.0,333.5,29.1488095238095,40.9697368421053,30.5,19.9,27.95,414.5,256.5,285.5,44.7,11.95,160.0,,27.965625,88.1862745098039,19.71875,,329.0,265.722222222222,24.2967592592593,16.8,130.2,38.5,19.7916666666667,21.6,69.4,24.6166666666667,234.75,150.0,24.95,51.3,87.1,206.0,59.7,107.0,76.35,242.0,63.85,11.25,110.0,174.0,29.0,29.7354166666667,70.0,289.0,250.0,219.166666666667,43.2,48.7,13.3018292682927,31.95625,9.70387096774193,16.45,15.2398148148148,37.55625,202.5,18.2,32.75,11.3,25.6448275862069,11.9506607929515,11.15,11.2,19.347027027027,45.2447368421053,44.4,9.99117647058823,24.1931818181818,17.6,28.002,14.237037037037,8.79285714285714,11.55,20.4590909090909,21.4,284.0,76.5,4570.0,92.1,198.0,99.8,111.625,50.9066666666667,25.0977272727273,447.521739130435,234.3,10.05,121.833333333333,58.9,8.16866666666667,40.05,31.4,74.2,67.8,58.9,139.0,113.5,58.4,37.35,132.0,20.08125,8.11970588235294,105.5,74.95,103.357142857143,81.7,620.0,284.0,501.0,227.0,129.5,114.0,275.0,244.5,37.45,235.5,173.5,86.8,218.5,46.85,77.6,116.5,42.6
41.051948051948,40.5509009009009,71.8,51.2857142857143,108.5,77.4,11.8,44.1928571428571,109.0,32.4,35.9,425.4,211.25,22.7,115.25,402.5,18.05,,25.1,44.95,135.0,26.2,12.3,16.9,25.08,60.6,292.0,333.0,29.1488095238095,40.96,30.5,19.9,27.95,414.5,256.5,285.5,44.7,11.95,159.833333333333,,28.0,88.1413043478261,19.75,,328.833333333333,265.725,24.3022613065327,16.85,130.0,38.5,19.75,21.6,69.4,24.6083333333333,234.75,150.0,25.0,51.3,87.1,206.0,59.7,107.0,76.2428571428572,242.0,63.85,11.25,110.0,174.0,29.0,29.7418918918919,70.0,289.0,249.5,219.0,43.15,48.7,13.3,31.95625,9.7,16.45,15.2,37.55,202.5,18.2,32.75,11.3470588235294,25.65,11.95,11.15,11.15,19.3277777777778,45.2083333333333,44.39375,10.0,24.175,17.6416666666667,28.0090909090909,14.2,8.79166666666667,11.55,20.4588709677419,21.4,284.0,76.5,4570.0,92.2,198.0,99.8,111.5,51.0,25.0608695652174,448.083333333333,234.0,10.05,122.0,58.875,8.16,40.05,31.4,74.2,67.75,58.8615384615385,139.0,113.392857142857,58.35,37.35,132.0,20.0642857142857,8.11354166666667,105.5,74.95,103.428571428571,81.775,620.0,284.0,501.0,226.25,129.9375,114.0,275.0,244.5,37.45,235.5,173.5,86.8,218.5,46.925,77.6,116.166666666667,42.6
41.080720338983,40.5269230769231,71.7,51.2857142857143,108.5,77.3666666666667,11.7666666666667,44.2166666666667,108.75,32.35,35.9,425.0,211.0,22.725,115.25,402.333333333333,18.05,,25.1,44.95,135.0,26.2,12.3,16.9083333333333,25.0642857142857,60.6,292.0,333.0,29.1166666666667,40.984375,30.5,19.9,27.95,414.5,256.5,285.5,44.6888888888889,11.95,159.86231884058,,27.9916666666667,88.11,19.75,,328.815789473684,265.625,24.2913793103448,16.8092592592593,130.0,38.5,19.75,21.6,69.4,24.6357142857143,234.75,150.0,25.0,51.3,87.1,206.0,59.6,107.0,76.4,242.0,63.8,11.25,110.0,173.5,29.0,29.7434782608696,70.0,289.0,249.666666666667,219.0,43.15,48.7,13.3217391304348,31.95625,9.7,16.45,15.2,37.55,202.5,18.2,32.7,11.3470588235294,25.6431818181818,11.95,11.15,11.15,19.3214285714286,45.2083333333333,44.4,9.99,24.1666666666667,17.65,28.0298245614035,14.2483870967742,8.79153846153846,11.55,20.4735294117647,21.375,284.0,76.5,4570.0,92.15,198.458333333333,99.8,111.6,51.0611111111111,25.0821052631579,444.75,234.1,10.0479166666667,122.0,58.9,8.15730158730159,40.05,31.4,74.2,67.75,58.88,139.0,113.0,58.31,37.35,132.0,20.05,8.11024390243903,105.5,74.9,103.5,81.8413793103448,620.0,284.0,501.0,226.5,130.0,114.0,275.0,244.5,37.4703703703704,235.5,173.5,86.8,219.0,46.925,77.6,116.045454545455,42.6
41.0772727272727,40.525,71.7,51.2857142857143,108.5,77.3833333333333,11.8,44.16875,109.0,32.4,35.9,425.25,211.0,22.725,115.0,402.5,18.05,,25.1,44.95,135.0,26.1611111111111,12.3454545454545,16.95,25.1,60.6,292.0,333.0,29.1166666666667,40.975,30.5,19.95,27.95,414.5,256.5,285.5,44.7,11.95,159.958333333333,,28.0,88.1166666666667,19.75,,329.0,265.692307692308,24.3,16.8238095238095,130.2,38.5,19.75,21.55,69.4,24.6,234.75,150.0,25.0,51.3,87.1,206.0,59.7,106.75,76.3,242.0,63.8,11.2636363636364,110.0,173.5,28.9552083333333,29.7722222222222,70.0,289.0,249.5,219.02380952381,43.15,48.7,13.3,32.0,9.70333333333333,16.5,15.2326086956522,37.5234042553192,202.5,18.2,32.75,11.3470588235294,25.6997695852534,11.95,11.15,11.15,19.3,45.25,44.3916666666667,10.0,24.1833333333333,17.65,28.0,14.2480769230769,8.795,11.55,20.4525641025641,21.4,284.0,76.5,4570.0,92.0,198.0,99.75,111.6,51.0,25.0518518518519,438.412280701754,234.0,10.025,122.0,58.85,8.16,40.05,31.4,74.3,67.75,58.8125,139.0,113.25,58.2133333333334,37.375,132.0,20.05625,8.11,105.5,74.9,103.45,81.8,620.0,284.0,501.0,226.5,129.75,114.0,275.0,244.5,37.45,235.5,173.5,86.8,219.0,46.85,77.6,116.045454545455,42.6
41.0956790123457,40.5403846153846,71.75,51.2857142857143,109.0,77.34,11.75,44.2,108.8,32.35,35.9,425.0,211.0,22.725,115.0,402.5,18.05,,25.1,44.95,135.0,26.1611111111111,12.35,16.9,25.1,60.6,292.0,333.0,29.1,40.975,30.5,19.95,27.95,415.0,256.5,285.5,44.7,11.9583333333333,160.0,,27.9875,88.1049180327869,19.7224137931034,,329.0,265.637931034483,24.2940828402367,16.8388888888889,130.285714285714,38.5,19.75,21.55,69.4,24.6,234.75,150.0,25.0,51.3,87.1,206.0,59.6368421052632,106.9,76.3,242.0,63.9,11.25,109.7,173.5,28.9703703703704,29.75,70.0,289.0,249.6,218.833333333333,43.159375,48.7333333333333,13.2982608695652,31.9833333333333,9.707875,16.5,15.203125,37.5,202.5,18.2,32.75,11.3,25.6833333333333,11.95,11.15,11.1583333333333,19.3,45.2133333333333,44.3875,10.0,24.1928571428571,17.6076923076923,28.02578125,14.2333333333333,8.79010638297872,11.55,20.4710526315789,21.3857142857143,284.0,76.5,4570.0,91.7558823529412,198.25,99.7333333333333,111.5,51.0,25.05,436.639130434783,234.0,10.05,121.6,59.0,8.16,40.0,31.4,74.3,67.8,58.8642857142857,139.0,113.0,58.175,37.375,132.0,20.0503787878788,8.10710280373832,105.5,74.9,103.5,81.85,620.0,284.0,501.0,226.333333333333,129.75,114.0,275.0,244.875,37.4666666666667,235.5,173.5,86.8,219.0,46.85,77.7,116.045454545455,42.6
41.0913636363636,40.55,71.75,51.2857142857143,108.833333333333,77.34,11.8,44.15625,108.833333333333,32.35,35.9,424.875,211.0,22.725,115.5,402.25,18.0516666666667,,25.1,44.95,135.0,26.1611111111111,12.3083333333333,16.9,25.0994186046512,60.6,292.5,333.0,29.15,40.9545454545455,30.5,19.95,27.9,415.0,256.5,285.5,44.7,11.95,160.0,,28.0,88.1044444444445,19.7224137931034,,328.85,265.591836734694,24.29,16.8454545454545,130.125,38.5,19.75,21.59375,69.5,24.6,234.5,150.0,24.9964285714286,51.3,87.0,206.2,59.7,107.0,76.25,242.0,63.8,11.25,110.0,173.4375,28.9333333333333,29.8282142857143,70.0,289.5,249.5,218.75,43.175,48.7333333333333,13.2988505747126,32.0,9.72,16.5,15.2148148148148,37.51875,202.5,18.2,32.75,11.3,25.6529411764706,11.95,11.15,11.1583333333333,19.335,45.2133333333333,44.4,9.99,24.175,17.65,28.0133333333333,14.2,8.7883,11.55,20.4534722222222,21.4,284.0,76.5,4570.0,91.4380952380952,198.1875,99.75,111.666666666667,50.9,25.09375,431.930769230769,234.0,10.0055555555556,121.75,58.975,8.16,40.0,31.4,74.3,67.8,58.8466666666667,139.0,113.2,58.2,37.35,132.0,20.1,8.10861111111111,105.625,74.9,103.5,81.8,620.0,284.125,501.0,226.25,129.6,114.0,275.0,244.5,37.45,236.0,173.5,86.8,219.0,46.95,77.7,116.045454545455,42.6
41.1333333333333,40.5294117647059,71.725,51.28,108.5,77.3666666666667,11.7842105263158,44.2125,109.0,32.35,35.9,424.5,211.0,22.75,115.5,402.125,18.05,,25.1,44.95,135.0,26.1611111111111,12.3,16.91,25.05,60.6,292.5,333.5,29.1,41.0,30.5,19.95,27.9166666666667,415.0,256.5,285.5,44.7,11.95,160.0,,28.0,88.1,19.7388888888889,,328.532608695652,265.616666666667,24.2968911917099,16.8,130.0,38.5,19.7954545454545,21.6,69.5,24.61,234.5,150.0,24.9964285714286,51.35,86.98,206.5,59.7,107.0,76.3,242.0,63.8666666666667,11.2535714285714,110.0,173.0,28.9244186046512,29.9301333333333,69.95,289.5,249.5,218.5,43.2,48.7333333333333,13.3,32.0,9.71,16.4916666666667,15.2045454545455,37.505,202.5,18.2,32.75,11.3046875,25.65,11.9522727272727,11.15,11.15,19.3409090909091,45.25,44.4,10.0,24.2,17.7,28.0323076923077,14.2115384615385,8.78945273631841,11.575,20.45,21.4,284.0,76.5,4570.0,91.75,198.2,99.8,111.5,50.9,25.0571428571429,433.396907216495,233.785714285714,10.05,122.0,58.9285714285714,8.15605263157895,40.0,31.4,74.3,67.8,58.8466666666667,139.0,113.285714285714,58.2,37.35,132.0,20.05,8.11076923076923,105.5,74.9,103.454545454545,81.8666666666667,620.0,284.125,501.0,226.166666666667,129.875,114.0,275.0,244.5,37.45,235.0,173.5,86.8,219.0,46.9,77.68,116.045454545455,42.6
41.1378048780488,40.55,71.7,51.28,108.5,77.4,11.75,44.1875,108.785714285714,32.35,35.9,424.333333333333,211.0,22.7916666666667,115.5,402.125,18.05,,25.1,44.95,135.0,26.1611111111111,12.3,16.95,25.0955357142857,60.6,293.0,333.5,29.1,40.9777777777778,30.5,19.95,27.9166666666667,415.0,256.5,285.5,44.6833333333333,11.9589285714286,159.733333333333,,27.9994845360825,88.0906779661017,19.7269230769231,,328.489795918367,265.703125,24.2981707317073,16.85,130.0,38.5,19.75,21.5525974025974,69.5,24.61,234.75,150.0,24.9964285714286,51.35,86.9,206.478260869565,59.7,107.0,76.3,242.0,63.9,11.255,110.0,173.5,28.9388888888889,30.0077976817703,69.95,289.5,249.5,218.5,43.15,48.7333333333333,13.2833333333333,32.0,9.715,16.45,15.2029411764706,37.50625,202.5,18.2,32.75,11.3,25.65,11.95,11.15,11.15,19.3,45.25,44.4,10.0,24.1826086956522,17.7,28.0025,14.2071428571429,8.79,11.55,20.4627906976744,21.4,284.0,76.5,4570.0,91.8,198.0,99.7,111.625,50.8875,25.0511363636364,435.006666666667,233.5,10.05,122.0,58.9083333333333,8.15293103448276,40.0,31.4,74.2,67.8,58.825,139.0,113.0,58.2,37.35,132.0,20.05,8.11272727272727,105.0,74.9,103.166666666667,81.8916666666667,620.0,283.5,501.0,226.5,129.625,114.0,275.0,244.5,37.4,235.0,173.333333333333,86.8,219.0,46.9,77.68,116.045454545455,42.6
41.1666666666667,40.55,71.7,51.3,108.5,77.4,11.8,44.2083333333333,108.75,32.35,35.85,424.5,211.5,22.7916666666667,115.5,401.5,18.05,,25.1,44.95,135.0,26.1611111111111,12.3,16.95,25.0916666666667,60.6,293.0,333.5,29.1,41.0,30.5,19.95,27.9166666666667,415.0,256.5,284.944444444445,44.7,11.95,159.733333333333,,28.0,88.1,19.7307692307692,,328.485294117647,265.688888888889,24.3024630541872,16.8477941176471,130.0,38.5,19.75,21.5666666666667,69.4,24.6458333333333,234.5,150.0,24.9964285714286,51.3,87.0,206.5,59.7,106.5,76.3,242.0,63.8787878787879,11.25,109.95,173.5,28.9441176470588,30.0667840375587,69.95,289.5,249.5,218.666666666667,43.1625,48.75,13.2820754716981,32.0,9.71,16.45,15.2205882352941,37.5071428571429,202.5,18.2,32.75,11.3,25.65,12.0,11.15,11.15,19.3,45.25,44.4,9.99666666666667,24.1863636363636,17.7,28.0,14.25,8.79107142857143,11.598275862069,20.475,21.4,284.0,76.5,4570.0,91.8555555555556,198.454545454545,99.7,111.5,50.9166666666667,25.0513888888889,437.690909090909,233.5,10.05,121.833333333333,59.0,8.15468926553672,40.0392857142857,31.4,74.3,67.8,58.84,139.0,113.125,58.3,37.35,131.97619047619,20.05,8.1125,105.0,74.9,103.214285714286,81.9,620.0,284.0,501.0,226.125,129.75,114.0,275.0,244.5,37.4,235.0,173.5,86.8,218.75,47.0,77.6,116.045454545455,42.6
41.1811046511628,40.504128440367,71.8,51.3,108.666666666667,77.4,11.75,44.2,108.9,32.35,35.85,424.0,211.0,22.8,115.5,401.5,18.09375,,25.1,44.95,135.0,26.15,12.35,16.95,25.0987951807229,60.6,292.5,333.5,29.12,40.9625,30.5,19.95,27.9166666666667,415.0,256.5,284.944444444445,44.7,11.95,159.833333333333,,28.0294573643411,88.104,19.7,,328.5,265.581395348837,24.3,16.8537671232877,130.2,38.5,19.75,21.55,69.45,24.6,234.5,150.0,25.0,51.3,87.0,207.008474576271,59.7,106.6,76.25,242.0,63.8571428571428,11.2590909090909,110.0,173.5,28.94375,30.1483754512635,69.95,289.25,249.5,218.615384615385,43.1533333333333,48.75,13.2586956521739,31.95,9.71,16.45,15.2029411764706,37.5,203.0,18.2,32.7,11.3,25.65,11.95,11.15,11.15,19.3438596491228,45.3,44.3985294117647,9.992,24.174,17.7,28.0158163265306,14.25,8.79,11.55,20.4725806451613,21.4,284.0,76.5,4570.0,91.95,198.5,99.7666666666667,111.625,51.0,25.056,438.947916666667,233.5,10.05,121.5,58.95,8.15142857142857,40.0,31.45,74.3,67.8,58.825,139.0,113.0,58.3,37.2722222222222,131.5,20.0536290322581,8.11358490566038,105.0,74.9,103.25,81.8,620.0,284.0,501.0,226.25,129.75,114.0,275.0,244.5,37.4,235.0,173.25,86.8,219.0,46.925,77.6,116.045454545455,42.6
41.1820754716981,40.5433333333333,71.74,51.4,108.666666666667,77.3857142857143,11.75,44.15,109.0,32.35,35.85,424.0,211.0,22.8,115.5,401.5,18.05,,25.1,44.9833333333333,135.0,26.15,12.35,16.95,25.125,60.6,292.5,333.5,29.1,40.975,30.5,19.9065217391304,27.9166666666667,415.0,256.5,284.944444444445,44.7,11.95,160.0,,28.05,88.0889763779527,19.735,,328.571428571429,265.54,24.3047368421053,16.8994047619048,130.421052631579,38.5,19.75,21.5571428571429,69.4,24.65,234.5,150.5,25.0,51.3,87.0,206.954545454545,59.7,107.0,76.3,242.0,63.9,11.25,110.0,173.5,28.9375,30.088474025974,69.95,289.25,249.5,218.52,43.2,48.8,13.2583333333333,31.95,9.72,16.45,15.2045454545455,37.54375,203.0,18.2,32.7,11.35,25.68,11.95,11.15,11.15,19.3,45.3,44.4,10.0,24.2,17.7,28.0125,14.2083333333333,8.79,11.55,20.5,21.4,284.0,76.5,4570.0,91.9,198.0,99.8,111.5,50.9,25.0547619047619,442.337962962963,233.5,10.05,122.0,59.0,8.14035211267605,40.0083333333333,31.45,74.3,67.8,58.8962962962963,139.0,113.0,58.2125,37.2722222222222,131.5,20.0875,8.11,105.0,74.9,103.0,81.9166666666667,620.0,284.0,501.0,226.5,129.625,114.0,275.0,244.166666666667,37.4,235.0,173.5,86.8,219.0,46.85,77.625,116.045454545455,42.6
41.1670731707317,40.55,71.7142857142857,51.3285714285714,108.5,77.3875,11.75,44.1026315789474,108.642857142857,32.35,35.85,424.166666666667,211.25,22.790625,115.0,401.5,18.0521739130435,,25.1,44.9833333333333,135.0,26.15,12.35,16.9071428571429,25.1,60.6,292.4375,333.5,29.1,40.9571428571429,30.5,19.95,27.9166666666667,415.0,256.5,284.944444444445,44.6666666666667,11.9578125,160.0,,28.0291666666667,88.0375,19.7269230769231,,328.5,265.523529411765,24.3040983606557,16.8971428571429,130.5,38.5,19.7478723404255,21.55,69.4,24.65,234.75,150.25,25.0,51.3,87.0,206.833333333333,59.7,107.0,76.3,242.0,63.8333333333333,11.25,110.0,173.166666666667,28.95,30.0101265822785,69.95,289.4,249.5,218.568181818182,43.2,48.8,13.2893442622951,32.0,9.72,16.45,15.2029411764706,37.55,203.0,18.25,32.7,11.3,25.6875,11.95,11.15,11.15,19.3323529411765,45.25,44.4,10.0,24.2,17.7,28.0394366197183,14.201030927835,8.79,11.55,20.4734375,21.4,284.0,76.5,4570.0,91.9333333333333,198.5,99.9,111.5,50.8857142857143,25.075,442.747191011236,233.5,10.05,122.0,58.92,8.12004048582996,40.0125,31.45,74.3,67.8,58.86,139.0,113.2,58.2,37.25,131.5,20.0818181818182,8.11125,105.0,74.9,103.071428571429,81.9833333333333,620.0,283.75,501.0,226.0625,130.067193675889,114.0,275.0,244.166666666667,37.4,235.0,173.5,86.8,219.0,46.85,77.7666666666667,116.045454545455,42.6
41.1965517241379,40.5291666666667,71.8,51.3,108.555555555556,77.3777777777778,11.75,44.0925,109.0,32.35,35.85,424.0,211.0,22.790625,115.0,401.5,18.0555555555556,,25.1,44.9833333333333,135.0,26.15,12.35,16.9,25.1,60.6,292.4375,333.5,29.13,40.98,30.5,19.9,27.9,415.833333333333,256.5,284.944444444445,44.6875,11.9607142857143,160.0,,28.0,88.0,19.7369565217391,,328.5,265.533898305085,24.3013636363636,16.9,130.576923076923,38.55,19.7,21.5428571428571,69.4,24.6,235.0,150.0,25.0,51.3,87.0,206.5,59.7,107.0,76.3,242.0,63.8,11.25,110.0,173.0,28.95,30.0331081081081,69.9,289.0,249.5,218.727272727273,43.2125,48.8,13.28,31.95,9.72,16.45,15.228,37.55,203.0,18.2166666666667,32.7,11.3,25.65,11.95,11.15,11.1583333333333,19.3,45.25,44.39375,10.0,24.1775,17.7,28.0314814814815,14.2423076923077,8.79119047619048,11.55,20.475,21.4,283.5,76.475,4575.0,92.0,198.5,99.9,112.0,50.8833333333333,25.0829787234043,443.616279069767,233.846153846154,10.0470588235294,122.0,58.9,8.11375939849624,40.0375,31.45,74.3,67.8,58.895652173913,139.12,113.333333333333,58.0666666666667,37.25,131.5,20.1,8.1079054054054,105.0,74.9,103.0,81.9333333333333,620.0,283.75,501.0,225.75,130.458333333333,114.0,275.0,244.416666666667,37.4,235.0,173.5,86.8,219.0,47.0,77.7777777777778,116.045454545455,42.6
41.1557142857143,40.5504291845494,71.8,51.3,108.555555555556,77.3777777777778,11.7993150684931,44.0727272727273,108.9,32.35,35.85,424.0,211.0,22.790625,115.0,401.5,18.0875,,25.1,44.9833333333333,135.0,26.15,12.31875,16.9,25.1,60.6,292.416666666667,333.5,29.1333333333333,40.95,30.5,19.9,27.9,416.0,256.5,284.944444444445,44.6666666666667,11.9906504065041,159.75,,28.0033333333333,88.0,19.725,,328.5,265.5,24.2974418604651,16.892,130.5,38.55,19.7,21.5573529411765,69.4,24.6,235.0,150.0,24.96,51.3,86.9047619047619,206.4375,59.7,107.0,76.225,242.0,63.8,11.25,110.0,173.0,29.0,30.05,69.9,289.0,249.5,218.75,43.225,48.8,13.2523333333333,31.95,9.72,16.5,15.2029411764706,37.55,203.0,18.2,32.72,11.3,25.65,11.951724137931,11.15,11.2,19.347619047619,45.25,44.4,9.99769230769231,24.15,17.7,28.0008064516129,14.2458333333333,8.79,11.5934210526316,20.45,21.38,283.5,76.475,4580.0,91.9333333333333,198.5,99.8714285714286,111.75,50.9,25.05,444.782608695652,234.5,10.0115384615385,121.75,58.95,8.11158415841584,40.02,31.45,74.3,67.8,58.9,139.0,113.318181818182,58.0166666666667,37.25,131.5,20.05,8.11,105.5,74.9,102.863636363636,81.9888888888889,613.0,283.5,501.0,226.0,130.5,114.0,275.0,244.416666666667,37.389,235.0,173.5,86.8,219.0,46.9,77.65,116.045454545455,42.6
41.1541666666667,40.5928571428571,71.74,51.3470588235294,108.875,77.4,11.7566666666667,44.1138888888889,108.957142857143,32.35,35.9,423.3,211.0,22.790625,115.0,401.5,18.0545454545455,,25.1,45.0,135.0,26.15,12.3333333333333,16.95,25.1,60.6,292.5,333.5,29.1,41.0,30.5,19.9,27.9,416.0,256.5,284.944444444445,44.6625,11.95,160.0,,28.0,88.0,19.725,,328.416666666667,265.5,24.2885057471264,16.9,130.6,38.55,19.7,21.55,69.4,24.6,234.5,150.0,24.95,51.3,87.0,206.0,59.7,107.0,76.3,242.0,63.8666666666667,11.25,110.0,173.0,28.9965517241379,30.095641025641,70.0,289.0,249.5,218.5,43.21,48.7576923076923,13.25,31.95,9.71,16.5,15.2166666666667,37.55,203.0,18.2,32.72,11.3,25.65,11.975,11.15,11.2,19.3403225806452,45.25,44.4,10.0,24.1738095238095,17.7,28.0054054054054,14.2454545454545,8.79090909090909,11.5977272727273,20.4666666666667,21.4,284.0,76.5,4585.0,92.1,198.5,99.8,111.75,50.9,25.05,443.907407407407,234.357142857143,10.05,122.0,58.9230769230769,8.11168,40.05,31.4071428571429,74.3,67.7,58.9,139.0,113.5,58.12,37.25,131.5,20.05,8.11420168067227,105.5,74.9,102.85,81.9333333333333,613.0,283.5,501.0,226.0,130.5,114.0,275.0,244.5,37.4,235.0,173.5,86.7,219.0,46.9,77.6,116.045454545455,42.6
41.1776315789474,40.6,71.7,51.3470588235294,108.8,77.3833333333333,11.75,44.1333333333333,109.0,32.35,35.9,423.666666666667,211.0,22.8,115.0,401.5,18.0583333333333,,25.1,45.0,135.0,26.15,12.3,16.9,25.1,60.6,292.5,333.166666666667,29.15,40.9571428571429,30.5,19.9,27.9,416.0,256.5,284.944444444445,44.7,11.9780701754386,160.0,,28.0068181818182,88.0,19.75,,328.5,265.75,24.3,16.898,130.5,38.5,19.7,21.5607142857143,69.4,24.6,234.5,150.0,24.9454545454545,51.3,87.0,206.5,59.7,107.0,76.3,242.0,63.8,11.25,110.0,173.0,28.9833333333333,30.0860091743119,70.0,289.0,249.5,218.533333333333,43.2,48.7576923076923,13.2537037037037,31.9916666666667,9.71,16.5,15.2,37.5111111111111,203.0,18.2,32.72,11.3,25.7,12.0,11.15,11.2,19.3,45.25,44.4,9.995,24.16875,17.7,28.0136363636364,14.225,8.7996,11.55,20.4658536585366,21.3928571428571,284.0,76.4142857142857,4580.0,92.03,198.5,99.9,111.666666666667,50.9,25.05,446.260869565217,234.2,10.0272727272727,121.75,59.0,8.1258904109589,40.05,31.45,74.3,67.7,58.9055555555555,139.0,113.464285714286,58.05,37.25,131.5,20.06,8.11,105.5,74.9,103.0,81.8333333333333,613.0,283.5,501.0,226.0,130.554347826087,114.0,275.0,244.5,37.4,235.0,173.5,86.7,219.0,46.9,77.6,116.045454545455,42.6045454545455
41.1928571428571,40.6,71.8,51.3470588235294,108.625,77.34,11.8,44.0551724137931,108.75,32.35,35.9,423.0,211.0,22.8,115.166666666667,401.5,18.0514925373134,,25.1,44.95,135.0,26.15,12.3,16.9,25.1,60.6,292.8125,333.166666666667,29.1,41.0,30.6,19.9,27.9,416.0,256.5,284.944444444445,44.7,11.95,160.0,,28.0,88.0384615384615,19.75,,328.75,265.723404255319,24.3088235294118,16.896,130.625,38.55,19.7,21.5566666666667,69.4,24.6,235.0,150.0,24.95,51.3,87.0,206.0,59.7,107.0,76.2666666666667,242.5,63.8,11.25,110.0,173.0,28.99375,29.952358490566,70.0,289.25,249.916666666667,218.491071428571,43.2125,48.7576923076923,13.2556818181818,32.0,9.72,16.5,15.2,37.53,203.0,18.2,32.72,11.3,25.7,11.9509689922481,11.15,11.15,19.3,45.3,44.4,10.0,24.175,17.7,28.0235294117647,14.1996198830409,8.79032258064516,11.55,20.4548076923077,21.4,284.0,76.4142857142857,4580.0,92.0,198.5,99.9,111.666666666667,50.9,25.0510416666667,447.416666666667,234.0,10.0475,122.0,59.0,8.140625,40.025,31.45,74.3,67.7,59.0,139.0,113.25,58.0142857142857,37.25,131.5,20.075,8.11,105.5,74.9916666666667,102.962264150943,81.85,613.0,283.5,501.0,226.5,130.85,114.0,275.0,244.0,37.4,235.0,173.5,86.7,219.0,46.9,77.5,116.045454545455,42.6045454545455
41.1555555555556,40.6,71.72,51.3470588235294,108.666666666667,77.34,11.7705882352941,44.175,108.7,32.35,35.9,422.75,211.333333333333,22.7916666666667,115.166666666667,401.5,18.0514925373134,,25.1,44.95,135.0,26.15,12.3,16.9,25.1,60.6,293.265432098765,333.166666666667,29.1,40.9571428571429,30.6,19.9,27.9,416.0,256.5,284.944444444445,44.75,11.95,159.875,,28.0055555555556,88.0457142857143,19.75,,328.5,265.5,24.3629356568365,16.8951923076923,130.5,38.55,19.7,21.6,69.4,24.6,234.5,150.0,24.95,51.3,87.0,206.0,59.7352941176471,107.0,76.2,242.5,63.8,11.25,110.0,173.5,28.9509433962264,29.9003246753247,70.0,289.0,249.833333333333,218.5,43.2142857142857,48.7576923076923,13.2480654761905,32.0,9.72,16.55,15.2075,37.5294117647059,203.0,18.2,32.72,11.3,25.7,11.9516129032258,11.15,11.15,19.3125,45.25,44.4,10.0,24.15,17.7,28.0041666666667,14.2,8.8,11.55,20.45,21.4,284.0,76.4142857142857,4585.0,92.0,198.5,99.9,111.5,50.8941176470588,25.0568181818182,445.461538461538,234.1,10.0461538461538,121.833333333333,58.9666666666667,8.14945454545454,40.025,31.45,74.3,67.8,58.925,139.0,113.25,58.0125,37.25,131.5,20.0511363636364,8.11105263157895,105.5,74.9,103.0,81.8161290322581,613.0,283.5,501.0,226.142857142857,131.0,114.0,275.0,244.0,37.4,235.0,173.0,86.7,219.0,46.975,77.5666666666667,116.045454545455,42.6
41.1833333333333,40.6,71.7428571428572,51.4,108.590909090909,77.35,11.7998915401302,44.2357142857143,109.0,32.35,35.9,423.0,211.0,22.7916666666667,115.166666666667,401.5,18.0663934426229,,25.1,44.95,135.0,26.15,12.3,16.9,25.05,60.6,293.875,333.5,29.1,40.975,30.6,19.9,27.9,416.916666666667,256.5,284.944444444445,44.7125,11.95,160.0,,28.0,88.0148148148148,19.7181818181818,,329.0,265.691358024691,24.3828947368421,16.9,130.5,38.55,19.7,21.6,69.4,24.6,234.5,150.0,24.93,51.3,87.0,206.0,59.7,107.5,76.1333333333333,242.0,63.8,11.25,110.0,173.5,28.97,29.9200507614213,70.0,289.0,249.5,218.657894736842,43.2214285714286,48.8,13.2329710144928,32.0,9.72,16.55,15.2071428571429,37.5142857142857,203.0,18.2,32.72,11.35,25.7,11.95,11.15,11.2,19.3,45.25,44.4,10.0,24.15,17.7,28.0336206896552,14.15,8.8,11.575,20.4709302325581,21.4,284.0,76.4142857142857,4585.0,91.9,199.0,99.825,111.5,50.9875,25.0970149253731,445.289473684211,234.416666666667,10.0375,122.0,58.9142857142857,8.14716981132075,40.0,31.45,74.25,67.8,58.9714285714286,139.0,113.0,57.9791666666667,37.25,131.5,20.05,8.12,105.5,75.0,102.833333333333,81.7916666666667,613.0,283.5,501.0,226.142857142857,131.0,114.0,275.0,244.333333333333,37.4,235.0,173.0,86.7,219.5,46.975,77.6,116.045454545455,42.6
41.149,40.5955128205128,71.7666666666667,51.4,108.785714285714,77.4,11.8030612244898,44.1611111111111,108.9,32.3833333333333,35.9,423.0,211.0,22.7642857142857,115.166666666667,402.5,18.05,,25.1,44.95,135.0,26.15,12.3,16.9166666666667,25.1,60.6,293.71875,333.5,29.125,40.9571428571429,30.6,19.9,27.9,418.0,256.5,284.944444444445,44.6941176470588,11.95,160.0,,28.0416666666667,88.022,19.75,,328.9,265.598837209302,24.3808510638298,16.8965909090909,130.625,38.55,19.7,21.55,69.4,24.6,234.5,150.0,24.9461538461538,51.3,87.0,206.0,59.7555555555555,107.0,76.2,242.0,63.8,11.25,110.0,173.0,28.9714285714286,29.9685185185185,69.9714285714286,289.0,249.5,218.571428571429,43.25,48.8,13.2436241610738,32.0,9.71557692307692,16.5166666666667,15.20625,37.5291666666667,203.0,18.225,32.72,11.35,25.7,11.9395833333333,11.15,11.2,19.3,45.25,44.4,9.99,24.16,17.7,28.0142857142857,14.1666666666667,8.79264705882353,11.55,20.4602941176471,21.4,284.0,76.4142857142857,4585.0,91.8666666666667,199.0,99.7428571428571,111.7,50.9966666666667,25.1012396694215,442.75,234.875,10.05,121.833333333333,58.9727272727273,8.16583333333333,40.0071428571429,31.45,74.3,67.8,58.9,139.0,113.0,58.0,37.25,131.5,20.0573333333333,8.12,105.5,75.0,102.9,81.8,613.0,283.5,501.0,226.0,130.972222222222,114.0,275.0,244.0,37.4,235.0,173.25,86.7,219.5,46.975,77.5,116.045454545455,42.6
41.1373015873016,40.6,71.7941176470588,51.4,108.785714285714,77.36,11.8013157894737,44.1714285714286,108.583333333333,32.35,35.9,423.0,211.0,22.7916666666667,115.166666666667,402.5,18.05,,25.1,44.95,135.0,26.2,12.3,16.9045454545455,25.1,60.6,293.8125,333.0,29.125,41.0,30.6,19.9,27.9,418.5,256.5,284.944444444445,44.7,11.95,159.6,,28.0384615384615,88.0066666666667,19.7518072289157,,328.541666666667,265.5,24.3967661691542,16.890625,130.5,38.55,19.7,21.55,69.4,24.6,234.5,150.333333333333,24.9461538461538,51.3,87.0,206.0,59.7,107.0,76.25,242.0,63.8833333333333,11.25,110.0,173.0,28.972,29.9415730337079,69.9714285714286,289.0,249.75,218.5,43.2432432432432,48.8,13.25,32.0,9.71,16.525,15.2166666666667,37.5,203.0,18.225,32.72,11.325,25.6642857142857,11.954347826087,11.1516129032258,11.2,19.3,45.25,44.4,9.99054545454546,24.178125,17.7,28.0279661016949,14.1497676579926,8.79,11.55,20.45,21.3964285714286,284.0,76.4142857142857,4585.0,91.8166666666667,198.5,99.7888888888889,111.7,50.98125,25.1290909090909,443.058823529412,234.981481481482,10.025,122.0,58.9111111111111,8.1579746835443,40.0,31.45,74.3,67.8,58.9,139.0,113.375,58.0,37.25,131.5,20.05,8.11666666666667,105.5,75.0,103.0,81.7785714285714,613.0,284.0,501.0,226.5,130.795180722892,114.5,275.0,244.0,37.4,235.5,173.5,86.7,219.5,47.0,77.55,116.045454545455,42.6
41.1052173913044,40.6,71.7941176470588,51.2724489795918,108.5,77.4,11.85,44.1333333333333,108.833333333333,32.35,35.9,423.8,210.5,22.7916666666667,115.166666666667,403.0,18.05,,25.1,44.95,135.0,26.2,12.3,16.91875,25.1,60.6,293.5,332.5,29.1,40.9666666666667,30.6,19.95,27.9,418.5,256.5,284.944444444445,44.7,11.95,160.0,,28.01,88.0411764705882,19.75,,328.5,265.5,24.3975099601594,16.8966666666667,130.769230769231,38.55,19.7227272727273,21.55,69.425,24.6,234.5,150.25,24.9058035714286,51.3,87.0,206.0,59.7,107.25,76.2666666666667,242.0,63.8,11.25,110.0,173.0,28.9784615384615,29.9079545454545,69.9714285714286,289.5,249.95,218.55,43.3,48.7973684210526,13.2592592592593,32.0,9.70088659793814,16.5471698113208,15.2034090909091,37.5029411764706,202.363636363636,18.225,32.72,11.325,25.7,11.95,11.15,11.2,19.3125,45.25,44.4125,9.99733333333333,24.1928571428571,17.7,28.0057692307692,14.15625,8.79,11.55,20.4553691275168,21.4,284.0,76.4142857142857,4585.0,91.75,198.9,99.7333333333333,111.5,51.0,25.14375,444.882352941177,235.0,10.0460784313725,121.75,58.9333333333333,8.169,40.025,31.45,74.25,67.7,58.8888888888889,139.0,113.357142857143,57.9,37.25,132.0,20.0596153846154,8.12,105.5,75.0,103.0,81.8,613.0,284.0,501.0,226.5,130.589285714286,114.0,275.0,244.0,37.4,235.5,173.5,86.7,219.5,47.0,77.55,116.045454545455,42.6
41.1354430379747,40.6,71.7666666666667,51.2724489795918,109.0,77.3777777777778,11.8,44.1,108.8,32.35,35.9,424.0,210.5,22.7916666666667,115.5,403.0,18.05,,25.1,44.95,135.0,26.2,12.3,16.9,25.1,60.6,293.5,332.5,29.1,41.0,30.6,19.95,27.9,418.5,256.5,284.944444444445,44.6833333333333,11.9505780346821,160.0,,28.05,88.0,19.7763157894737,,328.555555555556,265.5,24.4004792332268,16.8977272727273,130.625,38.55,19.7,21.55,69.4,24.6,234.5,150.25,24.9037037037037,51.3,87.0,206.0,59.7,107.5,76.3,242.0,63.81,11.259375,110.0,173.0,28.9546666666667,29.8947368421053,69.9,289.428571428571,249.5,218.5,43.25,48.85,13.238125,32.0,9.70088659793814,16.5,15.2075,37.5,202.5,18.225,32.72,11.3291666666667,25.7,11.95,11.15,11.2,19.3,45.25,44.4,10.0,24.15,17.7,28.0366071428571,14.1488472622478,8.78998439937597,11.55,20.4637931034483,21.35,284.470588235294,76.4142857142857,4585.0,91.7857142857143,198.75,99.7333333333333,111.5,50.9916666666667,25.1467289719626,446.0,234.875,10.0455445544554,122.0,58.9931034482759,8.17,40.0166666666667,31.45,74.3,67.7,58.8,138.6,113.428571428571,57.9133333333333,37.25,132.0,20.0542016806723,8.11142857142857,105.5,75.0,102.75,81.8,613.0,284.0,500.0,226.5,130.8,114.0,275.0,244.0,37.4,235.5,173.5,86.7,219.75,47.0,77.55,116.045454545455,42.6
41.125,40.6,71.7333333333333,51.2724489795918,108.833333333333,77.375,11.8,44.1222222222222,108.666666666667,32.4,35.85,423.5,210.5,22.7916666666667,115.5,403.0,18.0466666666667,,25.1,44.95,135.0,26.15,12.3,16.9090909090909,25.12734375,60.6,293.5,333.25,29.094,40.994578313253,30.6,19.95,27.9,418.5,256.5,284.944444444445,44.7,11.95,160.0,,28.05,88.0,19.7888888888889,,328.5,265.5,24.3912037037037,16.8733333333333,130.5,38.55,19.7,21.5777777777778,69.4,24.64,234.5,150.25,24.95,51.3,87.1,206.0,59.7333333333333,107.5,76.3,242.0,63.86,11.25,110.0,173.5,28.95,29.8875,69.9,289.5,250.0,218.5,43.275,48.85,13.2264705882353,32.0,9.72,16.5,15.2106060606061,37.5214285714286,202.5,18.225,32.72,11.3291666666667,25.7,11.95,11.15,11.2,19.3,45.25,44.4,10.0,24.1972222222222,17.7,28.0137931034483,14.15,8.78,11.5555555555556,20.45,21.3857142857143,284.470588235294,76.4142857142857,4585.0,91.7857142857143,198.5,99.8,111.714285714286,50.9473684210526,25.1086206896552,446.0,235.0,10.0441176470588,122.0,59.0,8.16066666666667,40.025,31.45,74.3,67.7,58.8,139.0,113.166666666667,58.0,37.25,132.0,20.06,8.116,105.5,74.95,103.0,81.8666666666667,613.0,284.0,500.0,226.5,130.5,114.0,275.0,244.25,37.35,235.5,173.142857142857,86.7,219.75,47.0,77.55,116.045454545455,42.625
41.1246913580247,40.6,71.7,51.2724489795918,108.5,77.4,11.8,44.1428571428572,108.916666666667,32.35,35.9,423.0,210.5,22.7923076923077,115.5,403.333333333333,18.0576923076923,,25.15,44.95,135.0,26.15,12.3,16.9,25.1,60.5,293.590909090909,333.25,29.1,41.0,30.6,19.95,27.9,418.5,256.5,284.944444444445,44.7,11.95,159.666666666667,,28.0675675675676,88.0057553956835,19.7554054054054,,328.5,265.5,24.3762886597938,16.8979166666667,130.5,38.55,19.7,21.55,69.4,24.6,234.5,150.0,24.965,51.3,87.0,206.0,59.7076923076923,107.0,76.3,242.0,63.8375,11.2516949152542,110.0,173.5,28.9959016393443,29.8933333333333,69.9,289.5,249.5,218.5,43.2974522292994,48.85,13.2037313432836,32.0,9.72,16.5,15.2,37.5027777777778,202.5,18.2,32.7,11.3416666666667,25.7,11.94375,11.15,11.2,19.3,45.25,44.4010869565217,9.99044117647059,24.18125,17.7,28.0096153846154,14.145,8.78,11.55,20.4608108108108,21.3875,284.470588235294,76.4142857142857,4580.0,91.8,198.0,99.8,111.75,50.9,25.1,445.75,235.0,10.0,122.0,59.0,8.15186991869919,40.0333333333333,31.475,74.3,67.7,58.8588235294118,139.0,113.0,57.96,37.25,132.0,20.0519607843137,8.11666666666667,105.5,75.0,103.0,81.9,613.0,284.0,500.0,226.5,130.5,114.0,275.0,244.0,37.35,235.5,173.142857142857,86.7,219.97619047619,47.0,77.5,116.045454545455,42.6
41.1018072289157,40.6012658227848,71.7,51.2724489795918,108.625,77.3,11.8,44.1388888888889,108.769230769231,32.35,35.9,423.0,210.5,22.8071428571429,115.0,403.5,18.053125,,25.1,45.0,135.0,26.15,12.3,16.9,25.15,60.5,293.5,333.25,29.0964285714286,40.9961538461539,30.6,19.95,27.9,418.0,256.5,284.944444444445,44.7,11.9478260869565,160.0,,28.0590909090909,87.9994791666667,19.8,,328.375,265.5,24.3850318471338,16.8982142857143,130.5,38.5,19.7,21.55,69.5,24.6,234.5,150.0,24.9631578947368,51.3,87.0,206.0,59.7,107.285714285714,76.2666666666667,242.5,63.8,11.2571428571429,110.25,173.0,28.9964285714286,29.8508474576271,69.9,289.571428571429,249.5,218.5,43.3595238095238,48.8,13.2261904761905,32.0,9.72,16.5,15.2024193548387,37.5,202.5,18.2,32.7,11.3,25.7,11.95,11.15,11.2,19.3071428571429,45.25,44.4010869565217,9.99027027027027,24.165,17.7,28.04140625,14.1480769230769,8.7844,11.55,20.4576923076923,21.4,284.0,76.4,4580.0,91.9,198.0,99.7777777777778,111.5,50.9,25.1014705882353,444.038461538462,234.944444444444,10.05,122.0,59.0,8.15649122807018,40.0,31.4,74.3,67.7,58.8357142857143,139.0,113.481481481481,58.0380952380952,37.25,132.0,20.05,8.1185,105.5,75.0,102.533333333333,81.9,613.0,284.0,500.0,226.5,130.5,114.0,275.0,244.0,37.35,235.5,173.0,86.8,220.0,47.0,77.6,116.045454545455,42.6
41.0973029045643,40.6979674796748,71.7,51.4,108.571428571429,77.3666666666667,11.8,44.1625,108.8,32.35,35.9,423.5,211.0,22.8071428571429,115.0,403.5,18.05,,25.1,45.0,135.0,26.15,12.35,16.9445205479452,25.125,60.5,293.5,333.0,29.075,41.0,30.6,19.925,27.9,418.0,256.5,284.944444444445,44.65,11.9491071428571,160.0,,28.0582191780822,87.9328767123288,19.7611111111111,,328.5,265.5,24.3753846153846,16.9,130.5,38.5,19.75,21.55,69.4,24.6076923076923,234.5,150.0,24.95,51.3,87.0,206.2,59.7,107.166666666667,76.3,242.5,63.825,11.2777777777778,110.25,173.0,29.0166666666667,29.8619718309859,70.0,289.5,249.5,218.5,43.35,48.75,13.2125,31.9833333333333,9.72,16.5,15.2083333333333,37.5,202.5,18.2,32.7,11.34375,25.6863636363636,11.95,11.15,11.2,19.3357142857143,45.25,44.4,9.99172413793103,24.15,17.7,28.0033333333333,14.1495098039216,8.78953488372093,11.55,20.4717391304348,21.3625,284.0,76.4,4570.0,91.9,198.0,99.7333333333333,111.5,50.9185185185185,25.1043859649123,445.05,235.0,10.0421875,122.0,59.0,8.1508,40.05,31.4,74.3,67.8,58.8625,139.0,113.285714285714,57.975,37.25,132.0,20.0847222222222,8.11264705882353,105.5,74.95,102.528846153846,81.9,613.0,284.0,500.0,226.5,130.25,114.0,275.0,244.0,37.35,235.5,173.366666666667,86.8,220.0,46.95,77.6,116.045454545455,42.6
41.054954954955,40.7275862068966,71.7,51.4,109.0,77.3909090909091,11.8,44.1777777777778,108.583333333333,32.35,35.9,423.0,211.0,22.85,115.0,403.5,18.0465517241379,,25.1,45.0,135.0,26.15,12.35,16.9,25.1,60.5,293.0,333.5,29.075,40.9833333333333,30.6,19.95,27.9166666666667,418.0,256.5,284.944444444445,44.7,11.95,160.0,,28.05,87.9195744680851,19.75,,328.533333333333,265.5,24.35,16.8974358974359,130.5,38.5,19.75,21.55,69.4,24.6,235.0,150.0,24.95,51.3,86.98,206.0,59.7,107.0,76.3,242.5,63.8142857142857,11.25,110.0,173.1,29.0013698630137,29.946449704142,70.0,289.25,249.666666666667,218.5,43.3230769230769,48.8,13.245625,32.0,9.72,16.5,15.205,37.5600961538461,202.5,18.2,32.7,11.3,25.7,11.95,11.2,11.2,19.3,45.25,44.4,9.995,24.175,17.65,28.00375,14.1006489428512,8.78,11.55,20.4602941176471,21.3833333333333,284.0,76.4,4570.0,92.0166666666667,198.0,99.8,111.625,50.9,25.1119047619048,444.958333333333,235.0,10.05,121.833333333333,59.08,8.15,40.05,31.4,74.3,67.7,58.8166666666667,139.0,113.166666666667,58.0,37.25,132.0,20.1,8.11074074074074,105.5,74.9882352941176,102.535714285714,81.9,613.0,284.0,500.0,226.5,130.5,114.0,275.0,244.0,37.35,235.5,173.5,86.8,220.0,47.0,77.6,116.045454545455,42.6
41.0893333333333,40.6666666666667,71.8,51.4,108.833333333333,77.3,11.8,44.2357142857143,108.517857142857,32.35,35.9,423.0,211.0,22.85,115.2,403.5,18.05,,25.15,44.95,135.0,26.15,12.3,16.9,25.11,60.6,293.0,334.0,29.1,40.9833333333333,30.6,19.95,27.95,418.0,256.5,284.944444444445,44.69375,11.95,160.0,,28.0,87.9,19.75,,328.7,265.5,24.3755102040816,16.8906666666667,130.5,38.55,19.725,21.55,69.4,24.6,235.0,150.0,24.95,51.3,86.9,206.0,59.6758620689655,107.1,76.3,242.0,63.8333333333333,11.25,110.25,173.0,28.9961538461538,30.019587628866,70.0,289.125,249.5,218.839285714286,43.314,48.8,13.25,32.0,9.72,16.5,15.2498724489796,37.5964285714286,202.5,18.2,32.7,11.3,25.68125,11.95,11.2,11.1961538461538,19.3,45.25,44.4,10.0,24.1631578947368,17.7,28.0425465838509,14.1,8.78,11.5833333333333,20.45875,21.3978260869565,284.0,76.4,4570.0,92.1,198.0,99.8,111.833333333333,50.8294117647059,25.1083333333333,444.5,234.625,10.05,121.515151515152,59.04,8.15055555555555,40.05,31.4,74.3,67.7,58.8,138.892857142857,113.35,57.95,37.25,131.5,20.05,8.11380952380952,105.5,75.0,102.5,81.8,613.0,284.0,500.0,226.166666666667,130.0,114.0,275.0,244.5,37.35,235.5,173.5,86.8,220.0,47.0,77.6,116.045454545455,42.6
41.0625,40.6966666666667,71.8,51.4,108.7,77.3819672131148,11.8,44.2055555555556,108.5125,32.35,35.9,423.0,211.0,22.85,115.2,403.5,18.025,,25.15,44.95,135.0,26.15,12.3,16.9,25.15,60.6,293.5,334.0,29.1,40.9823529411765,30.6,19.95,27.95,418.0,256.5,284.944444444445,44.7,11.9309523809524,160.0,,28.04,87.9301587301587,19.7861111111111,,328.666666666667,265.356060606061,24.3635135135135,16.8992857142857,130.5,38.55,19.725,21.5567567567568,69.4125,24.6,235.0,150.0,24.9428571428571,51.2666666666667,86.9,206.0,59.7,107.166666666667,76.25,242.125,63.8,11.25,110.5,173.0,28.9538461538462,30.0584942084942,70.0,289.0,249.5,218.857142857143,43.27,48.8,13.25,32.0,9.725,16.5,15.25,37.5880952380952,202.5,18.2,32.7,11.3,25.69,11.95,11.1625,11.1961538461538,19.3,45.25,44.4,9.99990384615384,24.1657407407407,17.65,28.0415492957746,14.1198113207547,8.79,11.55,20.4958333333333,21.3565217391304,284.5,76.4,4570.0,92.0454545454546,198.25,99.8,111.571428571429,50.8777777777778,25.1365979381443,444.458333333333,234.5,10.0,121.75,59.0933333333333,8.15428571428572,40.05,31.4,74.3,67.7,58.84,138.892857142857,113.323529411765,57.9,37.2083333333333,131.5,20.0678571428572,8.11111111111111,105.5,75.0,102.142857142857,81.8045454545454,613.0,283.75,500.0,226.5,130.0,114.0,275.0,244.0,37.3962264150943,235.5,173.5,86.8,220.0,47.0,77.6,116.5,42.6
41.0517857142857,40.6688888888889,71.75,51.4,108.5,77.3181818181818,11.8,44.25,108.5,32.35,35.9,423.0,210.75,22.85,115.2,403.0,18.05,,25.15,45.0,135.0,26.15,12.3,16.9,25.15,60.6,293.5,334.0,29.1,40.9989130434783,30.6,19.95,27.95,418.0,256.5,284.944444444445,44.7,11.9267441860465,160.0,,28.0357142857143,87.9425531914894,19.75,,328.75,265.0,24.3708333333333,16.8653846153846,130.5,38.5,19.7033333333333,21.55,69.4125,24.6,235.0,149.805555555556,24.9,51.2,86.9,206.0,59.7,107.0,76.3,242.125,63.8166666666667,11.2661290322581,110.5,173.166666666667,29.0,30.0608695652174,70.0,289.0,249.75,218.714285714286,43.25,48.7625,13.25,32.0,9.72,16.5,15.2470588235294,37.6,202.5,18.2,32.7,11.3,25.68125,11.95,11.15,11.175,19.3,45.25,44.4,10.0,24.1791666666667,17.65,28.009375,14.1,8.7875,11.55,20.4996600951734,21.3666666666667,284.5,76.4,4570.0,92.0909090909091,198.25,99.8,111.5,50.87,25.1285714285714,444.0,234.5,10.0454545454545,121.5,59.1,8.15105263157895,40.05,31.4,74.3,67.7,58.7808510638298,138.892857142857,113.125,57.925,37.2083333333333,131.5,20.05546875,8.11,105.5,74.9416666666667,102.603448275862,81.8222222222222,613.0,283.75,500.0,226.5,130.2,114.0,275.0,244.0,37.4470588235294,235.5,173.5,86.8,220.0,47.0,77.675,116.5,42.6
41.0567567567568,40.656862745098,71.7,51.3,108.5,77.3,11.8,44.18125,109.0,32.35,35.9,423.25,210.75,22.8,115.2,402.5,18.0470588235294,,25.15,44.975,135.0,26.15,12.3,16.9,25.1,60.6,293.166666666667,334.0,29.15,40.9785714285714,30.6,19.95,27.95,417.5,256.5,284.944444444445,44.6833333333333,11.9406666666667,159.5,,28.0416666666667,87.9166666666667,19.7776595744681,,328.6,265.0,24.3685393258427,16.8766666666667,130.5,38.5,19.75,21.6,69.45,24.6,234.5,149.5,24.95,51.2,86.9,206.0,59.7666666666667,107.166666666667,76.25,242.125,63.8888888888889,11.25,110.0,173.25,28.975,30.0524193548387,70.0,289.25,249.5,218.714285714286,43.2,48.7625,13.2534482758621,32.0461538461538,9.72,16.5,15.21,37.5866666666667,202.5,18.2,32.75,11.3,25.65,11.95,11.15,11.2,19.3,45.25,44.4,10.0,24.1476389572061,17.7,28.0227272727273,14.1,8.79,11.55,20.4984455958549,21.4,284.5,76.4,4570.0,92.15,198.0,99.8,111.5,50.825,25.1125,443.642857142857,234.5,10.05,121.583333333333,59.05,8.15333333333333,40.05,31.4,74.3,67.7,58.77,139.0,113.1,58.0,37.2083333333333,132.0,20.05,8.11923076923077,105.5,74.9416666666667,103.0,81.9111111111111,613.0,283.75,500.0,226.5,130.357142857143,114.0,275.0,244.2,37.40625,235.5,173.5,86.8,220.0,47.0,77.6,116.0,42.6
41.0633802816901,40.6897058823529,71.76,51.29,108.5,77.3666666666667,11.8066666666667,44.225,108.681818181818,32.35,35.9,423.0,210.5,22.8071428571429,115.2,402.5,18.0488372093023,,25.15,44.975,135.0,26.15,12.34375,16.9,25.1,60.6,293.25,334.0,29.15,41.0,30.6,19.95,27.95,417.5,256.5,285.0,44.6875,11.9,160.0,,28.05,87.9271186440678,19.7909836065574,,328.8,265.359550561798,24.35,16.8949579831933,130.5,38.5,19.75,21.575,69.4,24.6,234.5,149.5,24.95,51.28,86.9,206.0,59.7066666666667,107.125,76.3,242.125,63.8,11.26,110.0,173.0,28.975,30.0385,70.0,289.0,249.5,218.625,43.275,48.8,13.25,32.0333333333333,9.72,16.5,15.2083333333333,37.5558823529412,202.5,18.2,32.75,11.3,25.67,11.9222222222222,11.15,11.2,19.3,45.25,44.4,10.0,24.1378378378378,17.7,28.0206896551724,14.1,8.78,11.55,20.5,21.4,284.5,76.4,4570.0,92.1,198.0,99.8,111.5,50.8777777777778,25.1285714285714,443.166666666667,234.0,10.05,121.75,59.0076923076923,8.14727272727273,40.05,31.4,74.3,67.7,58.7173913043478,139.25,113.1875,57.8666666666667,37.2083333333333,132.0,20.05,8.11652173913044,105.5,75.0,102.5,81.85,613.0,283.75,500.0,226.5,130.0,114.0,275.0,244.0,37.40625,235.5,173.5,86.8,220.0,47.0,77.6,116.5,42.6
41.0623456790123,40.6772727272727,71.8,51.3,108.5,77.35,11.8,44.1714285714286,108.5,32.35,35.9,423.0,210.5,22.8,115.2,402.5,18.0507042253521,,25.15,45.0,135.0,26.15,12.3,16.95,25.1,60.6,293.5,334.0,29.1,40.9923076923077,30.6,19.95,27.95,417.5,256.5,285.0,44.7,11.925,160.0,,28.04375,87.9181818181818,19.75,,328.5,265.0,24.3421686746988,16.8996598639456,130.742857142857,38.5,19.7,21.5833333333333,69.4,24.6,234.5,149.5,24.95,51.26,86.9181818181818,206.0,59.76,107.0,76.25,242.125,63.8,11.25,110.0,173.0,28.9589743589744,30.0166666666667,70.0,289.285714285714,249.583333333333,218.857142857143,43.271052631579,48.75,13.2909836065574,32.0,9.718,16.5,15.2029411764706,37.5666666666667,202.5,18.2,32.75,11.3375,25.67,11.9477064220183,11.15,11.2,19.3,45.25,44.4,10.0,24.1416666666667,17.7,28.0,14.15,8.78011235955056,11.6,20.5010869565217,21.35,284.0,76.4,4565.0,92.1,198.0,99.8,111.5,50.8777777777778,25.1111111111111,442.0,234.5,10.05,122.0,59.1,8.15,40.0272727272727,31.4,74.3,67.7,58.7157894736842,139.5,113.288461538462,57.9,37.2083333333333,132.0,20.0524752475248,8.11807692307692,105.5,75.0,102.5,81.8285714285714,612.0,283.5,500.0,226.5,130.2,114.0,275.0,244.25,37.4,235.5,173.830097087379,86.8,220.0,47.0,77.6,116.5,42.6
41.0560714285714,40.6454545454545,71.7,51.25,108.625,77.4,11.8,44.1642857142857,108.666666666667,32.34375,35.9,423.0,210.5,22.8,115.0,402.5,18.0972222222222,,25.15,44.95,135.0,26.15,12.3,16.95,25.1071428571429,60.6,293.55,334.0,29.1,41.0115384615385,30.6,19.95,27.95,417.5,256.5,285.0,44.7,11.9203125,160.0,,28.0045454545455,87.9040404040404,19.7517857142857,,328.6,265.0875,24.3265060240964,16.898275862069,131.0,38.5,19.75,21.55,69.4,24.6,234.5,149.5,24.9796875,51.275,86.9181818181818,206.0,59.7,107.166666666667,76.3,242.125,63.8,11.25,110.0,173.0,28.9471428571429,30.0217391304348,70.0,289.0,249.5,218.520833333333,43.2035714285714,48.8,13.2541666666667,32.0,9.718,16.5,15.2383720930233,37.5882352941176,202.0,18.2,32.75,11.3375,25.7,11.9166666666667,11.15,11.2,19.31,45.2333333333333,44.4,10.0,24.1416666666667,17.7,28.0,14.1006513026052,8.78,11.55,20.49,21.4,284.0,76.4,4565.0,92.0625,198.0,99.7,111.7,50.81,25.1208333333333,439.342857142857,234.5,10.05,122.0,59.0125,8.16,40.025,31.5,74.3,67.7,58.7714285714286,139.0,113.25,57.9,37.2083333333333,131.5,20.05,8.11,105.0,74.9857142857143,102.5,81.85,612.0,283.5,500.0,226.7,130.0,114.0,275.0,244.5,37.4,235.25,174.5,86.8,220.083333333333,47.0,77.6,116.5,42.6
41.063,40.65,71.75,51.3,108.5,77.4,11.8,44.1166666666667,108.666666666667,32.35,35.9,422.5,210.5,22.8,115.5,402.0,18.0946808510638,,25.15,44.9875,135.0,26.15,12.3,16.925,25.1,60.6,294.0,334.0,29.1,41.002380952381,30.6,19.925,27.95,417.5,256.5,285.0,44.6833333333333,11.920652173913,160.0,,28.0071428571429,87.9243243243243,19.7970588235294,,328.514705882353,265.047619047619,24.3,16.8991935483871,131.0,38.5166666666667,19.7073529411765,21.58125,69.4,24.6,234.75,149.5,25.0,51.2,87.0,206.333333333333,59.7,107.166666666667,76.3,242.125,63.8,11.2508771929825,110.0,173.333333333333,28.9076923076923,30.0144230769231,70.0,289.0,249.5,218.5,43.2583333333333,48.7625,13.25,31.95,9.718,16.5,15.2142857142857,37.5642857142857,202.0,18.2,32.75,11.325,25.66,11.9133333333333,11.15,11.15,19.3,45.25,44.396875,9.99916666666667,24.10625,17.7,28.0,14.1045454545455,8.78,11.5541666666667,20.5,21.39375,284.0,76.4,4565.0,92.1,198.0,99.8,111.5,50.88,25.1,439.939393939394,234.25,10.0394736842105,121.875,59.0,8.16096774193548,40.0277777777778,31.5,74.3,67.7,58.8,139.0,113.45652173913,58.0,37.2083333333333,131.5,20.0568493150685,8.11897959183673,105.0,74.9,102.5,81.8,612.0,283.5,500.0,227.0,130.4375,114.5,275.0,244.0,37.4,235.25,174.5,86.8,219.596774193548,47.0,77.6,116.5,42.6
41.0653846153846,40.65,71.76,51.3,108.5,77.3,11.8,44.15,109.0,32.35,35.9,423.0,210.5,22.8,115.5,402.0,18.08,,25.15,45.0,135.0,26.15,12.3,16.9083333333333,25.15,60.6,293.53125,334.0,29.1,40.9986394557823,30.55,19.9,27.95,417.5,256.5,285.0,44.6681818181818,11.9503436426117,159.875,,28.0060344827586,87.9261904761905,19.75,,328.464285714286,265.0,24.2954545454546,16.898,131.0,38.5,19.703125,21.575,69.46,24.6,235.0,149.5,25.0,51.2,87.0,206.1,59.6,107.045454545455,76.2,242.0,63.8,11.25,110.0,173.166666666667,28.935,30.0227272727273,70.0,289.125,249.5,218.5,43.3,48.79375,13.25,31.95,9.71,16.5,15.2532608695652,37.583734939759,202.0,18.25,32.75,11.325,25.6441176470588,11.95,11.15,11.15,19.3,45.2,44.4,9.99875,24.1423076923077,17.7,28.008125,14.1263157894737,8.7863125,11.55,20.4882352941176,21.3730769230769,284.5,76.4,4565.0,92.0833333333333,198.333333333333,99.8,111.5,50.9,25.1359375,442.25,234.25,10.0460344827586,122.0,58.95625,8.15973684210526,40.05,31.5,74.3,67.7,58.8142857142857,139.0,113.5,57.98,37.2,132.0,20.0611111111111,8.11841059602649,105.24358974359,75.0,102.0,81.8,612.0,283.5,500.0,227.0,130.4,114.0,275.0,244.0,37.4,235.25,174.0,86.8,217.153846153846,46.885,77.6,116.5,42.5508620689655
41.0719512195122,40.6054054054054,71.7666666666667,51.3,108.5,77.4,11.8,44.15,108.6875,32.35,35.9,422.5,210.5,22.795,115.5,402.5,18.095,,25.15,45.0,135.0,26.15,12.3,16.9,25.1,60.6,293.5,334.0,29.1,40.9986394557823,30.55,19.902,27.95,417.0,256.5,285.0,44.7,11.95,159.5,,28.0111111111111,87.9163934426229,19.75,,328.0,265.044117647059,24.3,16.9,131.0,38.5,19.7,21.575,69.46,24.6,235.0,149.5,24.9833333333333,51.2,87.0,206.1,59.68,107.0,76.225,242.0,63.8,11.25,110.25,173.5,28.95,30.001,70.0,289.0,250.0,218.15,43.25,48.79375,13.251724137931,32.0,9.71,16.54375,15.25,37.6006451612903,202.0,18.25,32.75,11.3166666666667,25.6,11.9372340425532,11.15,11.15,19.3301470588235,45.2,44.4,10.0,24.15,17.7,28.0,14.15,8.79,11.55,20.5,21.3576923076923,284.25,76.4,4565.0,92.0,198.214285714286,99.8,111.666666666667,50.8736842105263,25.1203703703704,442.347826086957,234.0,10.05,121.478260869565,58.9285714285714,8.15857142857143,40.05,31.5,74.3,67.7071428571429,58.8054054054054,139.0,113.2,57.9142857142857,37.2,131.966666666667,20.0625,8.11090909090909,105.5,75.0,102.5,81.8,612.0,283.5,500.0,227.0,130.5,114.0,275.0,244.0,37.4,235.5,174.0,86.8,217.153846153846,47.0,77.6,116.5,42.5508620689655
41.0934375,40.65625,71.7,51.3,108.6,77.4,11.8,44.20625,108.557692307692,32.35,35.9,422.5,210.5,22.795,115.5,402.5,18.0615384615385,,25.15,45.0,135.0,26.2,12.3,16.952,25.1,60.6,293.916666666667,334.0,29.1,41.0,30.55,19.902,27.9,417.0,256.5,285.0,44.675,11.9456647398844,159.5,,28.002,87.9069444444444,19.7545454545455,,328.032258064516,265.108108108108,24.2661184210526,16.9,131.0,38.5,19.7003184713376,21.58125,69.4,24.6,235.0,149.5,24.9488372093023,51.2,86.9,206.0,59.6018518518519,107.071428571429,76.3,242.0,63.8,11.25,110.0,173.0,28.9416666666667,30.0003205128205,70.0,289.107142857143,250.0,218.0,43.2157894736842,48.79375,13.2851351351351,32.05,9.71,16.5,15.25,37.5628571428571,202.0,18.25,32.75,11.35,25.6,11.95,11.2,11.15,19.3,45.2,44.4,10.0,24.1476534296029,17.7,28.00625,14.147,8.79,11.5666666666667,20.5,21.375,284.25,76.4,4569.0,92.0,198.5,99.8,111.5,50.82,25.1012867647059,441.888888888889,234.25,10.0443181818182,121.5,59.0,8.15553571428571,40.05,31.5,74.3,67.7,58.8017543859649,139.0,113.0,57.9142857142857,37.2,131.9375,20.0717391304348,8.118,105.5,75.0,102.25,81.7,612.0,283.5,500.0,226.75,130.461538461538,114.0,275.0,244.0,37.4,235.5,174.0,86.8,217.0,47.0,77.6,116.5,42.5375
41.0793103448276,40.6530303030303,71.7875,51.3,108.625,77.4,11.8,44.1666666666667,108.566666666667,32.35,35.9,422.5,210.5,22.795,115.5,403.0,18.0586956521739,,25.15,45.0,135.0,26.2,12.3,16.9666666666667,25.1071428571429,60.6,293.833333333333,334.0,29.1,41.0,30.6,19.9,27.9,417.0,256.5,285.0,44.6833333333333,11.9142857142857,160.0,,28.0386363636364,87.9207792207792,19.75,,328.5,265.208333333333,24.2957317073171,16.9044052863436,131.0,38.55,19.75,21.59,69.4,24.6,235.0,149.5,24.9488372093023,51.2,86.9,206.363636363636,59.6,107.166666666667,76.3,242.428571428571,63.8,11.25,110.0,173.0,28.9,29.9952173913044,70.0,289.0,249.981481481482,218.0,43.2,48.75,13.2526315789474,32.0,9.72,16.5,15.25,37.55,202.0,18.2005,32.75,11.3,25.6,11.95,11.2,11.15,19.3222222222222,45.25,44.4,10.0,24.15,17.75,28.0055555555556,14.1083941605839,8.78684210526316,11.55,20.49375,21.3722222222222,284.25,76.4,4569.0,92.0,198.0,99.8,111.75,50.8555555555555,25.1166666666667,441.0,234.0,10.080303030303,121.5,58.9214285714286,8.15,40.05,31.5,74.3,67.7,58.7727272727273,139.0,113.416666666667,57.98,37.2,131.9375,20.05,8.12181818181818,105.5,75.0,102.166666666667,81.9,612.0,283.5,500.0,227.0,130.09375,114.0,275.0,244.0,37.4,235.5,173.833333333333,86.8,217.0,47.0,77.5666666666667,116.5,42.5
41.0666666666667,40.6653846153846,71.7875,51.28,109.0,77.4,11.85,44.13125,108.576923076923,32.35,35.9,422.5,210.5,22.8,115.5,402.5,18.05,,25.15,44.99375,135.0,26.2,12.3,16.95,25.1,60.6,293.5,332.5,29.1083333333333,40.998,30.6,19.91,27.9,417.0,256.5,285.5,44.7,11.9285714285714,160.0,,28.0,87.8773504273504,19.7545454545455,,328.444444444445,265.0,24.2833333333333,16.8973333333333,131.3,38.55,19.7375,21.55,69.3,24.6,234.833333333333,149.5,24.95,51.2,86.9961538461538,206.5,59.6,107.0,76.2,242.571428571429,63.8,11.2484302325581,110.0,173.0,28.9111111111111,29.9622222222222,70.0,289.0,250.18345323741,218.0,43.1966666666667,48.8,13.25,32.0,9.72,16.5,15.25,37.546,202.5,18.2166666666667,32.75,11.3,25.6055555555556,11.9328571428571,11.2,11.15,19.3045454545455,45.2428571428571,44.4043478260869,9.99384615384616,24.1534482758621,17.7,28.004,14.0999445061043,8.7822641509434,11.55,20.471875,21.3555555555556,284.25,76.5,4569.0,91.8402597402598,197.985294117647,99.8,111.5,50.8,25.1,439.117647058823,234.5,10.05,121.5,58.9181818181818,8.15042253521127,40.05,31.5,74.3,67.7,58.7916666666667,139.071428571429,113.026785714286,57.95,37.2,131.5,20.0533333333333,8.12,105.34375,74.9285714285714,102.5,81.9,612.0,283.5,500.0,227.0,130.0,114.0,275.0,244.0,37.45,235.5,174.0,86.8,216.75,47.0,77.6,116.5,42.5
41.0634615384615,40.6972972972973,71.8,51.3,108.5,77.3,11.8,44.1125,108.75,32.35,35.9,423.0,210.5,22.8,115.5,403.0,18.05,,25.15,44.99375,135.0,26.2,12.3,16.95,25.125,60.6,293.766666666667,332.5,29.1,40.9944444444444,30.55,19.9,27.9,417.0,256.5,285.5,44.7,11.9022222222222,160.0,,28.05,87.8727272727273,19.797619047619,,328.277777777778,265.181818181818,24.2914814814815,16.9,131.0,38.55,19.75,21.5519230769231,69.3,24.6363636363636,234.944444444444,149.5,24.95,51.2,87.0,206.0,59.6794871794872,107.285714285714,76.2,243.0,63.8,11.2285714285714,110.0,173.0,28.9,29.9561403508772,70.0,289.0,250.833333333333,217.892857142857,43.15,48.8,13.25,32.0,9.72,16.5,15.2607142857143,37.525,202.5,18.2166666666667,32.75,11.35,25.6,11.9375,11.2,11.1375,19.3,45.25,44.4,10.0,24.2,17.7,28.0025641025641,14.1,8.782,11.55,20.532154340836,21.3972222222222,284.0,76.5,4570.0,92.0,197.5,99.7,111.5,50.8285714285714,25.134347826087,439.0,234.880952380952,10.05,121.0,59.0,8.14850746268657,40.05,31.5,74.3,67.7,58.7666666666667,139.0,112.706666666667,57.9090909090909,37.2,132.0,20.1010164424514,8.112,105.0,74.9974683544304,102.0,81.825,612.0,283.5,500.0,227.0,130.0,114.0,275.0,244.0625,37.4677966101695,235.5,174.0,86.8,216.5,47.0,77.6333333333333,116.0,42.5
41.065306122449,40.69296875,71.8,51.3,108.666666666667,77.37,11.8,44.1545454545454,109.0,32.35,35.9,423.0,210.5,22.8,115.5,403.0,18.05,,25.2,44.99375,135.0,26.2,12.3,16.95,25.1,60.6,293.5,333.0,29.1,40.9926470588235,30.55,19.9,27.9,417.0,256.5,285.5,44.7,11.9409722222222,160.0,,28.05,87.8685185185185,19.75,,328.485915492958,265.222222222222,24.2926966292135,16.895,131.083333333333,38.55,19.75,21.5586956521739,69.3,24.6363636363636,234.75,149.5,24.95,51.2,86.92,206.5,59.7,107.083333333333,76.2,243.0,63.9,11.2421052631579,110.0,173.0,28.8657894736842,29.9684210526316,70.0,288.8,250.097222222222,217.693548387097,43.15,48.8,13.2888888888889,31.95,9.73,16.5,15.25,37.5,202.5,18.2166666666667,32.75,11.3333333333333,25.6,11.9112403100775,11.1555555555556,11.15,19.3,45.25,44.4,9.99382352941176,24.1944444444444,17.7,28.0029411764706,14.14375,8.7804347826087,11.55,20.5009900990099,21.4,284.0,76.5,4575.0,91.8,197.875,99.7,111.666666666667,50.88,25.152,437.608108108108,234.5,10.0504273504274,121.25,58.9166666666667,8.14961038961039,40.05,31.4,74.3,67.6,58.7024390243903,139.0,112.583333333333,57.95,37.25,132.0,20.1035714285714,8.11,105.0,75.0,101.938461538462,81.85,612.0,283.5,500.0,227.0,130.435897435897,114.0,275.0,244.0625,37.5,235.5,174.0,86.8,216.0,47.0,77.7606060606061,116.5,42.5
41.0738095238095,40.6934782608696,71.8,51.2,108.5,77.3333333333333,11.8,44.15,108.75,32.35,35.95,422.5,210.5,22.7625,115.5,403.0,18.05,,25.2,44.95,135.0,26.15,12.3,16.9694444444444,25.1,60.6,293.5,333.0,29.09,41.0,30.55,19.85,27.9,417.0,256.5,285.5,44.7,11.926,160.0,,28.0527777777778,87.8920289855073,19.75,,328.785714285714,265.128571428571,24.28,16.8975,131.083333333333,38.53,19.7285714285714,21.55,69.3764705882353,24.6363636363636,234.75,149.5,24.95,51.2,86.9666666666667,206.464285714286,59.7,107.0,76.2,242.5,63.85,11.2305555555556,110.0,173.0,28.8633333333333,29.9530303030303,70.0,288.555555555556,250.0,217.547169811321,43.1936170212766,48.8,13.25,31.95,9.73,16.5,15.2615384615385,37.5,202.5,18.245871559633,32.75,11.3333333333333,25.6071428571429,11.95,11.1555555555556,11.15,19.3,45.25,44.3796296296296,9.99791666666667,24.1892857142857,17.7,28.0066666666667,14.1038461538462,8.788,11.575,20.5005747126437,21.3972222222222,284.0,76.5,4570.0,91.9,197.5,99.7,111.5,50.875,25.2,435.331632653061,234.53125,10.05,121.5,58.9666666666667,8.12942446043166,40.05,31.4,74.3,67.6,58.7069767441861,139.0,112.9,58.0,37.25,132.0,20.1416666666667,8.11133333333333,105.0,75.0,102.018518518519,81.8,612.0,283.5,500.0,226.5,130.466019417476,114.0,275.0,243.75,37.4941176470588,235.25,174.0,86.8,216.0,47.0,77.8,116.0,42.5
41.0711111111111,40.6973684210526,71.76,51.2,108.666666666667,77.3846153846154,11.803125,44.15,108.7,32.35,35.95,423.0,210.5,22.75,115.5,402.5,18.05,,25.2,45.0,135.0,26.15,12.3,16.95,25.1,60.6,293.636363636364,333.0,29.1,41.0,30.55,19.9,27.9,417.0,256.5,285.5,44.7,11.9,159.875,,28.05,87.8060240963856,19.75,,328.75,265.291666666667,24.2969298245614,16.9,131.083333333333,38.55,19.7,21.5777777777778,69.38,24.625,234.875,149.5,24.9475,51.2,87.0,206.333333333333,59.7,107.0,76.1,242.5,63.8166666666667,11.225,110.166666666667,173.0,28.8910256410256,29.9640625,70.0,288.625,249.98275862069,217.583333333333,43.2,48.8,13.3095145631068,31.9013888888889,9.73,16.5,15.2541666666667,37.5657894736842,202.5,18.2,32.75,11.35,25.6166666666667,11.919,11.1555555555556,11.15,19.3,45.234375,44.4409090909091,9.9901376146789,24.1894736842105,17.75,28.0035714285714,14.1000680272109,8.78277777777778,11.55,20.5,21.3510989010989,284.0,76.5,4570.0,91.9,198.0,99.7,111.5,50.78,25.2,434.675925925926,234.928571428571,10.05,121.5,58.9,8.12620689655172,40.05,31.45,74.3,67.6,58.7357142857143,139.0,112.6,58.0,37.25,132.0,20.1166666666667,8.11631578947368,105.5,74.9983606557377,102.0,81.8,612.0,283.5,500.0,226.5,130.785714285714,114.0,275.0,243.75,37.475,235.25,173.5,86.8,216.0,47.0,77.9636363636364,116.0,42.5
41.0743902439024,40.6596026490066,71.76,51.2,108.5625,77.4,11.8,44.16,108.75,32.35,35.95,423.0,210.5,22.7666666666667,115.5,402.5,18.05,,25.15,45.0,135.0,26.15,12.3,16.95,25.13,60.6,293.518518518518,333.0,29.1,41.0,30.55,19.9,27.9,417.0,256.5,285.5,44.7,11.9238095238095,160.0,,28.022641509434,87.8927051671733,19.75,,328.5,265.078947368421,24.2510761589404,16.9072164948454,131.473684210526,38.55,19.7,21.5545454545455,69.3153846153846,24.65,234.75,149.75,24.9740740740741,51.265,86.9833333333333,206.0,59.7,107.0,76.15,242.5,63.8,11.2230769230769,110.0,173.0,28.8618827160494,29.9598214285714,69.94,288.916666666667,250.058823529412,217.586206896552,43.23125,48.75,13.3512738853503,31.9,9.72,16.5,15.25,37.5533333333333,202.5,18.2,32.75,11.3263157894737,25.65,11.95,11.1555555555556,11.15,19.3,45.2486842105263,44.4,9.99,24.1736842105263,17.75,28.004,14.1,8.78714285714286,11.55,20.4933333333333,21.351282051282,284.0,76.5,4570.0,91.9,197.833333333333,99.675,111.53125,50.7,25.2,434.847826086957,235.0,10.05,121.0,58.8888888888889,8.12375,40.05,31.45,74.3,67.7,58.7571428571428,139.0,112.5,57.9444444444444,37.25,132.0,20.1451127819549,8.11677419354839,105.0,75.0,102.0,81.82,612.0,283.5,500.0,226.0,131.005976095618,114.0,275.0,243.5,37.4983333333333,235.5,173.5,86.8,216.0,47.0,78.0,116.0,42.5
41.0994,40.6185430463576,71.8,51.3,109.0,77.35,11.8,44.15,108.611111111111,32.35,35.9,423.0,210.5,22.7666666666667,115.0,402.5,18.0691489361702,,25.15,45.0,135.0,26.15,12.3,16.95,25.1,60.6,293.5,333.0,29.1,41.0,30.55,19.9,27.9,417.0,256.5,285.5,44.6928571428571,11.9477777777778,160.0,,28.0021276595745,87.9084745762712,19.75,,328.5,265.144736842105,24.248087431694,16.8962962962963,131.0625,38.55,19.7,21.55,69.3,24.6,234.5,149.75,25.0,51.3,87.0,206.0,59.7,107.5,76.2,242.5,63.8,11.2216666666667,110.0,173.0,28.8238636363636,29.9976190476191,69.94,288.5,250.0,217.5,43.1516666666667,48.75,13.3981900452489,31.9,9.73,16.5,15.25,37.55,202.5,18.25,32.75,11.3263157894737,25.6083333333333,11.9208333333333,11.1555555555556,11.15,19.3,45.25,44.3772727272727,9.99015384615385,24.1916666666667,17.7111111111111,28.0075757575758,14.0866336633663,8.78181818181818,11.55,20.4875,21.35,284.0,76.5,4570.0,91.9833333333333,197.75,99.7,111.5,50.69,25.15,434.589552238806,235.0,10.05,121.5,58.84,8.1376,40.05,31.45,74.3,67.7,58.7916666666667,139.0,112.5,58.0192307692308,37.25,132.0,20.1458333333333,8.11944444444444,105.4,75.02,102.0,81.86,612.0,283.5,500.0,226.0,131.023076923077,114.0,273.0,244.0,37.5,235.5,174.0,86.8,215.958333333333,47.0,78.0285714285714,116.0,42.5
41.1088888888889,40.6,71.8,51.3,108.55,77.4,11.75,44.15,108.714285714286,32.35,35.9,422.5,210.5,22.7666666666667,115.25,402.5,18.05,,25.15,45.0,135.0,26.15,12.3,16.9,25.1,60.6,293.722222222222,333.0,29.1,41.0,30.55,19.875,27.9,417.0,256.5,285.5,44.7021739130435,11.9482876712329,159.8,,28.05,87.864039408867,19.7863636363636,,328.444444444445,265.469512195122,24.2408839779006,16.8745283018868,131.0,38.55,19.7,21.5571428571429,69.31,24.6125,234.75,149.75,24.9864285714286,51.3,86.975,206.0,59.8,107.0,76.15,242.285714285714,63.8,11.24375,110.136363636364,173.071428571429,28.8388157894737,30.0219059405941,69.94,288.7,249.833333333333,217.5,43.1567567567568,48.77,13.3823076923077,31.9,9.74,16.5,15.25,37.5625,202.5,18.25,32.725,11.3263157894737,25.6,11.95,11.1555555555556,11.15,19.3,45.2380952380952,44.4,10.0,24.1866666666667,17.7111111111111,28.0060606060606,14.1,8.79,11.55,20.4833333333333,21.36,284.0,76.5,4570.0,91.9,197.5,99.7,111.7,50.691935483871,25.1529411764706,433.95652173913,234.833333333333,10.05,121.5,58.9,8.14263157894737,40.1,31.45,74.3,67.7,58.7692307692308,139.0,112.555555555556,58.0192307692308,37.2,132.0,20.15,8.12,105.5,75.0365079365079,102.0,81.82,612.0,283.5,500.0,226.0,130.971428571429,114.0,273.0,243.833333333333,37.5211286089239,235.5,174.0,86.8,215.5,46.95,77.8,116.0,42.5222222222222
41.148623853211,40.6,71.8,51.3,109.0,77.3744186046512,11.8,44.15,108.7,32.35,35.9,422.75,210.5,22.7666666666667,115.5,402.0,18.05,,25.15,44.9833333333333,135.0,26.15,12.3,16.9,25.1214285714286,60.6,293.566666666667,333.0,29.1,40.9993975903615,30.55,19.9,27.9,416.75,256.5,285.5,44.7086206896552,11.9482014388489,160.0,,28.0513605442177,87.7978863936592,19.7777777777778,,328.0,265.364864864865,24.25,16.9028248587571,131.0,38.55,19.7,21.5958333333333,69.3,24.6,235.0,149.75,24.95,51.3,87.0,206.125,59.8,107.25,76.1833333333333,242.285714285714,63.8,11.2382352941176,110.0,173.25,28.8556910569106,30.0598290598291,69.94,288.5,250.0,217.69696969697,43.1972222222222,48.8,13.3527777777778,31.9,9.73,16.525,15.2849056603774,37.5791666666667,202.5,18.25,32.725,11.3375,25.6333333333333,11.9416666666667,11.2,11.15,19.3035714285714,45.225,44.4,9.99428571428572,24.2,17.72,28.0132352941176,14.1,8.78407407407407,11.57,20.4833333333333,21.3714285714286,284.0,76.5,4570.0,91.9,198.0,99.6866666666667,111.9,50.7178571428571,25.15,434.095238095238,234.54347826087,10.05,121.5,58.9057142857143,8.13392156862745,40.1,31.4,74.2833333333333,67.7,58.7666666666667,139.0,112.9375,58.15,37.15,132.0,20.15,8.1272,105.5,75.15,102.027777777778,81.8583333333333,612.0,283.5,500.0,226.0,130.5,114.0,273.0,243.833333333333,37.61875,235.0,174.0,86.8,215.666666666667,46.95,77.7933333333333,116.0,42.525
41.15875,40.6565573770492,71.8,51.3272727272727,108.5,77.3744186046512,11.8005882352941,44.1444444444445,108.555555555556,32.35,35.9,422.75,210.5,22.7666666666667,115.25,402.0,18.05,,25.15,44.95,135.0,26.15,12.3,16.9,25.1333333333333,60.6,293.625,333.0,29.1,40.9958333333333,30.55,19.9,27.9,416.75,256.5,285.5,44.675,11.9196428571429,159.95,,28.0472222222222,87.7131386861314,19.75,,327.849740932643,265.342857142857,24.256880733945,16.9333333333333,131.0,38.6,19.7,21.5625,69.3,24.6,235.0,149.5,24.95,51.3,87.0,206.0,59.8,107.0,76.25,242.5,63.7838983050847,11.2224137931034,110.0,173.25,28.8484126984127,30.071,69.94,288.5,249.9375,218.0,43.2022388059702,48.8,13.35,31.95,9.73,16.525,15.2583333333333,37.55,202.5,18.25,32.725,11.3464285714286,25.6444444444444,11.905,11.2,11.15,19.3,45.25,44.3653846153846,9.99526315789474,24.1884615384615,17.72,28.001724137931,14.1,8.78704433497537,11.55,20.4722222222222,21.375,283.75,76.3947368421053,4571.25,91.9,197.875,99.6777777777778,112.0,50.7125,25.1625,432.694117647059,234.5,10.05,121.5,58.9428571428571,8.14032258064516,40.0928571428571,31.45,74.3,67.76,58.7823529411765,139.0,112.8,58.14,37.15,132.0,20.1604166666667,8.12694444444445,105.0,75.0,102.029411764706,81.8428571428571,612.0,283.214285714286,500.0,225.5,130.5,114.0,273.0,244.0,37.59375,235.0,174.0,86.8,215.5,47.0,77.7846153846154,116.0,42.55
41.1533653846154,40.75,71.7428571428571,51.3272727272727,108.555555555556,77.3,11.7647058823529,44.15,108.595238095238,32.35,35.9,422.5,210.5,22.7666666666667,115.25,402.0,18.05,,25.15,44.95,135.0,26.15,12.3,16.95,25.1,60.6,293.966666666667,333.0,29.1,40.99375,30.55,19.9,27.9,416.75,256.5,285.5,44.675,11.9007352941176,159.857142857143,,28.061320754717,87.7503816793893,19.75,,327.463235294118,265.377358490566,24.294347826087,16.9072916666667,131.0,38.55,19.7,21.55,69.3333333333333,24.6,234.625,149.5,24.95,51.2333333333333,87.0761904761904,206.0,59.75,107.0,76.2857142857143,242.0,63.8,11.2055555555556,110.227272727273,173.375,28.85,30.0684782608696,69.94,288.6875,249.9375,218.3,43.1617647058824,48.8,13.35,31.9178571428571,9.73,16.5428571428571,15.2736842105263,37.55,202.78125,18.2,32.725,11.35,25.625,11.9190476190476,11.2,11.1526315789474,19.30625,45.25,44.3928571428572,9.99166666666667,24.1833333333333,17.7222222222222,28.0015625,14.0987678339818,8.79,11.55,20.5,21.3944444444444,284.0,76.3947368421053,4570.0,91.9,197.9375,99.7,111.833333333333,50.7,25.15,431.94776119403,234.0,10.0504310344828,121.375,58.9,8.13416666666667,40.1217391304348,31.4388888888889,74.2666666666667,67.7166666666667,58.7757575757576,139.25,112.972222222222,57.9923076923077,37.15,132.0,20.15,8.13241935483871,105.0,74.9069767441861,102.0,81.8666666666667,612.0,283.0,500.0,225.5,131.0,114.0,273.0,244.0,37.55,235.0,174.0,86.8,215.4,47.0,77.725,116.0,42.55
41.2015625,40.75,71.7714285714286,51.25,108.555555555556,77.39,11.8,44.15,108.65,32.35,35.95,422.9375,210.5,22.7954545454546,115.0,402.0,18.0626506024096,,25.15,44.95,135.0,26.15,12.3,17.0,25.1,60.6,293.883333333333,333.0,29.1,41.0,30.55,19.9,27.9,417.25,256.5,285.5,44.67,11.902380952381,160.0,,28.0852941176471,87.7805194805195,19.75,,327.538461538462,265.385964912281,24.2990756302521,16.9,131.0,38.55,19.7142857142857,21.5791666666667,69.3733333333333,24.5524390243902,234.5,149.5,24.95,51.3,87.2,206.2,59.8,107.0,76.2857142857143,242.0,63.8,11.2103448275862,110.0,173.0,28.8182692307692,30.0446153846154,69.94,288.5,250.0,218.368421052632,43.1527272727273,48.8,13.35,31.9,9.73,16.5377551020408,15.2633333333333,37.5,202.78125,18.2,32.75,11.3375,25.65,11.9190476190476,11.2,11.15,19.3,45.25,44.3608695652174,9.99578947368421,24.1894736842105,17.7,28.01,14.1,8.79,11.55,20.4999015748031,21.3884615384615,284.0,76.3947368421053,4570.0,91.83125,197.9375,99.6666666666667,111.818181818182,50.75,25.1903225806452,433.0625,234.055555555556,10.05,121.375,58.94,8.14,40.2026315789474,31.4,74.3,67.7166666666667,58.7647058823529,139.0,113.0,57.91,37.15,132.0,20.15,8.12901639344262,105.5,74.9444444444444,102.0,81.8,612.0,283.0,500.0,226.0,130.8125,114.5,273.0,244.0,37.55,235.0,174.0,86.8,216.0,47.0,77.8,116.0,42.55
41.25,40.75,71.8,51.2909090909091,108.5,77.38,11.7986486486487,44.1972222222222,108.625,32.35,35.95,423.0,210.5,22.8,115.0,402.0,18.0708333333333,,25.15,44.95,135.0,26.15,12.35,17.0,25.1,60.6,293.9375,333.0,29.1357142857143,41.0,30.55,19.9,27.9,416.9,256.5,285.5,44.7,11.915,160.0,,28.08125,87.7798780487805,19.7483914209115,,327.552631578947,265.46568627451,24.3288235294118,16.8977272727273,131.0,38.6,19.75,21.5576923076923,69.3258064516129,24.5007418397626,234.833333333333,149.5,24.9914285714286,51.3,87.2,206.1,59.704,107.0,76.3,242.0,63.805,11.2394557823129,110.0,173.0,28.8566176470588,30.04,69.9333333333333,288.785714285714,249.581395348837,218.4,43.2,48.8,13.339010989011,31.9,9.73,16.5,15.2692307692308,37.5,202.78125,18.2,32.75,11.35,25.65,11.9473684210526,11.2,11.15,19.3076923076923,45.25,44.3973684210526,9.99,24.1904761904762,17.7,28.0125,14.1,8.78818181818182,11.55,20.4977064220184,21.35,284.0,76.3947368421053,4570.0,91.8555555555556,197.769230769231,99.7,111.909090909091,50.76,25.1504504504504,430.321212121212,233.985714285714,10.05,121.375,58.905,8.1386301369863,40.2309523809524,31.4,74.25,67.7,58.7742857142857,139.0,113.269230769231,57.9607142857143,37.15,132.0,20.1495495495495,8.12,105.0,74.9444444444444,102.0,81.8,612.0,283.0,500.0,226.0,130.5625,114.0,273.0,244.0,37.55,235.0,174.0,86.8,215.666666666667,47.0,77.7666666666667,116.0,42.6
41.2037735849057,40.7457142857143,71.7857142857143,51.3,108.5,77.4,11.8,44.2333333333333,108.785714285714,32.35,35.95,423.0,210.5,22.8,115.0,402.0,18.0794117647059,,25.15,44.9785714285714,135.0,26.15,12.35,16.9714285714286,25.13125,60.6,294.010204081633,333.0,29.1,40.96875,30.55,19.9,27.9,416.9,256.5,285.5,44.69,11.9,160.0,,28.0742424242424,87.8285714285715,19.725,,327.8,265.5,24.3365429234339,16.8542857142857,131.0,38.6,19.75,21.55,69.38125,24.5,234.5,149.5,25.0,51.3,87.1666666666667,206.321428571429,59.7444444444444,107.0,76.2,242.5,63.8,11.2150943396226,110.0,173.0,28.8538461538462,30.0105769230769,69.9333333333333,288.75,249.705882352941,218.507142857143,43.1600775193798,48.8,13.3581967213115,31.9,9.72,16.54,15.26,37.4819672131147,203.0,18.2055555555556,32.75,11.3333333333333,25.6267857142857,11.9083333333333,11.2,11.2,19.3178571428572,45.215,44.3944444444444,9.99096774193548,24.1626984126984,17.7473214285714,28.0052631578947,14.1,8.79,11.575,20.4961538461538,21.3583333333333,284.0,76.3,4570.0,91.9625,197.769230769231,99.7,112.0,50.7904761904762,25.0990566037736,428.026315789474,233.5,10.044398340249,121.333333333333,58.88,8.14157894736842,40.2472222222222,31.4,74.275,67.7,58.8416666666667,139.484375,113.027777777778,57.8254237288136,37.15,132.0,20.15,8.12,105.0,75.0,102.0,81.75,612.0,283.423076923077,500.0,226.0,130.88,114.0,273.0,244.0,37.55,235.0,174.0,86.8,215.5,47.0,77.7909090909091,116.5,42.55
41.25,40.75,71.74,51.3,108.5,77.325,11.8,44.25,108.896551724138,32.35,35.9,422.833333333333,210.666666666667,22.8,115.5,402.0,18.05078125,,25.15,44.95,135.0,26.15,12.35,16.95,25.1045454545455,60.6,294.233333333333,333.5,29.075,40.987037037037,30.55,19.9,27.875,416.9,256.5,285.5,44.65,11.9004484304933,159.875,,28.0864035087719,87.8621301775148,19.7392857142857,,327.727272727273,265.405172413793,24.3716101694915,16.8633928571429,131.0,38.5990196078431,19.7458333333333,21.5961538461538,69.3038461538462,24.4666666666667,234.75,149.55,24.9598039215686,51.3,87.1045454545454,206.0,59.7666666666667,107.3,76.2,242.5,63.7818181818182,11.2108695652174,110.0,173.1,28.8525641025641,29.9981617647059,70.0,288.875,250.0,218.48275862069,43.15,48.7625,13.35,31.9,9.73,16.54,15.27,37.4785714285714,203.0,18.25,32.75,11.3183333333333,25.6478260869565,11.9497797356828,11.2,11.2,19.3,45.25,44.40625,9.99848484848485,24.151581027668,17.7,28.015,14.1,8.78988764044944,11.5954545454545,20.5,21.35,284.0,76.3666666666667,4570.0,91.9,197.75,99.7,112.0,50.825,25.1,426.986486486487,233.5,10.0354838709677,121.5,58.85625,8.13241935483871,40.25,31.5,74.3,67.8,58.9,139.454545454545,113.0,57.85,37.15,132.0,20.194499449945,8.1272,105.0,75.0,101.666666666667,81.8,612.0,283.0,500.0,226.0,131.0,114.0,273.0,244.0,37.5395833333333,235.0,174.0,86.8,215.5,46.95,77.75,116.0,42.55
41.2357142857143,40.7282608695652,71.7,51.25,108.5,77.3833333333333,11.815625,44.25,108.55,32.35,35.9,423.0,210.5,22.8441176470588,115.0,402.0,18.0709302325581,,25.15,44.95,135.0,26.15,12.35,16.95,25.1,60.6,294.083333333333,333.0,29.0954545454546,41.0,30.5,19.9,27.9,416.9,256.5,285.5,44.6833333333333,11.9,159.983870967742,,28.05,87.8,19.7285714285714,,327.78,265.368055555556,24.4251047120419,16.8595744680851,131.0,38.6,19.7458333333333,21.6,69.3,24.4875,235.0,149.5,24.9730769230769,51.3,87.075,206.125,59.8,107.0,76.2,242.5,63.75,11.2047619047619,110.0,173.0,28.8413793103448,29.9840909090909,70.0,288.947368421053,250.0,218.5,43.1508547008547,48.75,13.35,31.95,9.72166666666667,16.55,15.25,37.5881578947369,203.0,18.2490566037736,32.75,11.325,25.65,11.95,11.16875,11.2,19.3418367346939,45.2,44.3868421052632,9.993,24.1888888888889,17.7142857142857,28.0423076923077,14.1,8.78142857142857,11.55,20.4975,21.375,284.0,76.3666666666667,4570.0,91.8157894736842,197.954545454545,99.7,111.785714285714,50.8130434782609,25.1,423.733333333333,233.28947368421,10.05,121.5,58.84,8.14236842105263,40.25,31.5,74.3,67.8,58.935,139.5,113.0,57.805,37.35,132.0,20.2,8.13,105.5,75.2,101.875,81.8,612.0,283.25,500.0,226.0,131.0,114.0,273.0,244.4,37.5071428571429,235.0,174.166666666667,86.8,215.125,46.95,77.7,116.0,42.55
41.25,40.7416666666667,71.775,51.25,108.5,77.3571428571429,11.85,44.2,108.615384615385,32.35625,35.9,423.1,210.5,22.85,115.0,402.25,18.0525,,25.15,44.9534482758621,135.0,26.15,12.35,16.95,25.12,60.6,294.209677419355,333.0,29.15,41.0,30.5,19.9481132075472,27.9,416.5,256.5,285.5,44.6625,11.9457264957265,160.0,,28.0761904761905,87.8557077625571,19.75,,327.638888888889,265.4375,24.4855355746677,16.8854545454545,131.166666666667,38.625,19.7,21.5779661016949,69.2857142857143,24.5,235.083333333333,150.0,24.9615384615385,51.3,87.02,206.492537313433,59.7333333333333,107.375,76.2,242.5,63.7,11.2298850574713,110.45,173.0,28.8158682634731,30.0,70.0,288.888888888889,250.0,218.470588235294,43.1783783783784,48.75,13.3595652173913,31.95,9.74722222222222,16.55,15.25,37.6,202.5,18.2489583333333,32.75,11.3,25.6235294117647,11.9082191780822,11.15,11.1833333333333,19.3369565217391,45.2,44.39,9.99222222222222,24.190625,17.7,28.0192307692308,14.1,8.78,11.55,20.4666666666667,21.3545454545455,284.0,76.4,4570.0,91.8,198.0,99.7,111.5625,50.8272727272727,25.15,423.608695652174,233.407407407407,10.0166666666667,121.5,58.9,8.1425,40.3,31.4947368421053,74.3,67.7857142857143,58.9,139.666666666667,113.0,57.7714285714286,37.35,132.0,20.1932098765432,8.12148148148148,105.5,75.2,101.5,81.8041666666667,612.0,283.133333333333,500.0,226.0,131.035714285714,114.5,273.0,245.0,37.5471698113207,235.0,174.0,86.8,216.131578947368,46.95,77.76,116.0,42.6
41.246,40.75,71.7791666666667,51.3,108.5,77.3823529411765,11.8,44.2076923076923,108.6875,32.375,35.9041666666667,423.1,210.5,22.85,115.5,402.0,18.0616666666667,,25.15,45.0,135.5,26.15,12.3375,16.9,25.1125,60.6,294.0,333.0,29.13,40.99375,30.5,19.9,27.9,416.5,256.5,285.5,44.7,11.9153846153846,159.067901234568,,28.0796296296296,87.930081300813,19.7277777777778,,327.792372881356,265.412698412698,24.458051420839,16.897,131.166666666667,38.65,19.75,21.5636363636364,69.2625,24.5091397849462,235.25,149.666666666667,24.95,51.3,87.1405405405405,206.833333333333,59.775,107.1,76.12,242.5,63.74375,11.2084507042254,110.0,173.055555555556,28.825221238938,30.0232558139535,69.9833333333333,289.035714285714,250.0,218.465753424658,43.15,48.75,13.3333333333333,31.9464285714286,9.73,16.5333333333333,15.25,37.5227272727273,203.0,18.21,32.75,11.3,25.6472222222222,11.95,11.2,11.2,19.3166666666667,45.2392307692308,44.4,9.99048780487805,24.1833333333333,17.7083333333333,28.0027777777778,14.1,8.7889156626506,11.55,20.4714285714286,21.3533333333333,284.0,76.325,4570.0,91.7958333333333,198.0,99.6071428571429,111.5,50.8361111111111,25.15,423.202479338843,233.368421052632,10.0320652173913,121.5,58.9,8.14111111111111,40.3,31.4833333333333,74.3,67.82,58.9,139.5,113.0,57.7833333333333,37.35,132.0,20.1666666666667,8.12953020134228,105.42,75.2,101.8125,81.83,612.0,283.133333333333,500.0,226.0,131.484939759036,114.0,273.0,244.833333333333,37.5441176470588,235.0,174.485294117647,86.8,217.0,46.95,77.7692307692308,116.0,42.58125
41.23875,40.7285714285714,71.75,51.2666666666667,108.5,77.3875,11.8,44.175,108.666666666667,32.3666666666667,35.9333333333333,425.0,210.571428571429,22.85,115.0,402.5,18.0606060606061,,25.2,44.9535714285714,135.5,26.15,12.3,16.947619047619,25.1055555555556,60.6,294.032608695652,333.0,29.1,40.9966666666667,30.5,19.9166666666667,27.9,416.5,256.5,285.75,44.7,11.9355263157895,159.2,,28.0655405405405,87.8723684210526,19.75,,327.855769230769,265.5,24.45,16.9009433962264,131.1875,38.6,19.725,21.5529411764706,69.3157894736842,24.5423076923077,235.5,150.0,25.0082278481013,51.36,87.1405405405405,206.546875,59.7423728813559,107.25,76.1666666666667,242.5,63.7,11.2149350649351,110.166666666667,173.0,28.8472727272727,30.0181818181818,70.0,289.458333333333,249.576923076923,218.5,43.1525862068965,48.75,13.303,31.9333333333333,9.73,16.5,15.2661290322581,37.625,203.0,18.2423728813559,32.75,11.35,25.65,11.95,11.2,11.15,19.3277777777778,45.25,44.36875,9.99689655172414,24.2,17.7477477477477,28.0111111111111,14.1,8.78905511811023,11.5666666666667,20.4833333333333,21.3508196721311,284.0,76.3,4575.0,91.7444444444444,198.125,99.551724137931,111.666666666667,50.8883720930233,25.1546296296296,423.780701754386,233.5,10.0452830188679,121.5,58.9,8.13469387755102,40.2,31.45,74.2,67.82,58.909375,139.925925925926,113.142857142857,57.7666666666667,37.35,131.5,20.1683908045977,8.11497395833333,105.076923076923,75.1923076923077,101.875,81.8363636363636,612.0,283.0,500.0,226.0,131.622807017544,114.0,273.0,244.8,37.5466666666667,235.0,174.5,86.8,217.0,46.95,77.75,116.5,42.6125
41.2192307692308,40.6991525423729,71.775,51.2857142857143,108.583333333333,77.5,11.80625,44.1644230769231,108.807692307692,32.378125,35.9,424.75,211.0,22.82,115.0,402.5,18.0685714285714,,25.2,44.9625,135.5,26.15,12.35,16.9238095238095,25.1,60.6,294.104166666667,333.0,29.1,40.9995176848875,30.6,19.9166666666667,27.95,416.666666666667,256.5,285.5,44.7166666666667,11.9023809523809,159.820512820513,,28.0621076233184,87.8013574660633,19.74375,,328.0,265.380434782609,24.5443926247289,16.9069444444444,131.138888888889,38.6,19.75,21.5724637681159,69.38,24.5454545454546,235.1875,149.833333333333,25.0879120879121,51.3222222222222,87.1,206.458333333333,59.85,107.35,76.15,242.0,63.7942857142857,11.2123287671233,110.0625,173.071428571429,28.8506666666667,30.0908808933003,70.0,289.25,249.571428571429,218.509090909091,43.1326086956522,48.75,13.3017857142857,31.91,9.72833333333333,16.5,15.2423913043478,37.6720588235294,203.5,18.2,32.75,11.3472222222222,25.6492957746479,11.95,11.2,11.175,19.3,45.2517543859649,44.3541666666667,9.99125,24.178947368421,17.7470852017937,28.0141025641026,14.0916666666667,8.78615384615385,11.55,20.4790322580645,21.3563291139241,284.3,76.325,4571.66666666667,91.7074074074074,198.444444444444,99.5,111.769230769231,50.7796296296296,25.1470588235294,424.62962962963,233.183333333333,10.0428571428571,121.375,58.8333333333333,8.13986301369863,40.15,31.5,74.3,67.7758620689655,58.8451612903226,139.861111111111,113.35,57.795652173913,37.3,131.5,20.1992263056093,8.11245398773006,105.277777777778,75.1428571428571,101.5,81.7384615384615,612.0,283.0,500.0,226.0,131.77027027027,114.0,273.0,244.0,37.51875,235.0,174.75,86.8,217.0,46.95,77.7222222222222,116.5,42.55
41.2192307692308,40.6991525423729,71.775,51.2857142857143,108.583333333333,77.5,11.80625,44.1644230769231,108.807692307692,32.378125,35.9,424.75,211.0,22.82,115.0,402.5,18.0685714285714,,25.2,44.9625,135.5,26.15,12.35,16.9238095238095,25.1,60.6,294.104166666667,333.0,29.1,40.9995176848875,30.6,19.9166666666667,27.95,416.666666666667,256.5,285.5,44.7166666666667,11.9023809523809,159.820512820513,,28.0621076233184,87.8013574660633,19.74375,,328.0,265.380434782609,24.5443926247289,16.9069444444444,131.138888888889,38.6,19.75,21.5724637681159,69.38,24.5454545454546,235.1875,149.833333333333,25.0879120879121,51.3222222222222,87.1,206.458333333333,59.85,107.35,76.15,242.0,63.7942857142857,11.2123287671233,110.0625,173.071428571429,28.8506666666667,30.0908808933003,70.0,289.25,249.571428571429,218.509090909091,43.1326086956522,48.75,13.3017857142857,31.91,9.72833333333333,16.5,15.2423913043478,37.6720588235294,203.5,18.2,32.75,11.3472222222222,25.6492957746479,11.95,11.2,11.175,19.3,45.2517543859649,44.3541666666667,9.99125,24.178947368421,17.7470852017937,28.0141025641026,14.0916666666667,8.78615384615385,11.55,20.4790322580645,21.3563291139241,284.3,76.325,4571.66666666667,91.7074074074074,198.444444444444,99.5,111.769230769231,50.7796296296296,25.1470588235294,424.62962962963,233.183333333333,10.0428571428571,121.375,58.8333333333333,8.13986301369863,40.15,31.5,74.3,67.7758620689655,58.8451612903226,139.861111111111,113.35,57.795652173913,37.3,131.5,20.1992263056093,8.11245398773006,105.277777777778,75.1428571428571,101.5,81.7384615384615,612.0,283.0,500.0,226.0,131.77027027027,114.0,273.0,244.0,37.51875,235.0,174.75,86.8,217.0,46.95,77.7222222222222,116.5,42.55
41.2192307692308,40.6991525423729,71.775,51.2857142857143,108.583333333333,77.5,11.80625,44.1644230769231,108.807692307692,32.378125,35.9,424.75,211.0,22.82,115.0,402.5,18.0685714285714,,25.2,44.9625,135.5,26.15,12.35,16.9238095238095,25.1,60.6,294.104166666667,333.0,29.1,40.9995176848875,30.6,19.9166666666667,27.95,416.666666666667,256.5,285.5,44.7166666666667,11.9023809523809,159.820512820513,,28.0621076233184,87.8013574660633,19.74375,,328.0,265.380434782609,24.5443926247289,16.9069444444444,131.138888888889,38.6,19.75,21.5724637681159,69.38,24.5454545454546,235.1875,149.833333333333,25.0879120879121,51.3222222222222,87.1,206.458333333333,59.85,107.35,76.15,242.0,63.7942857142857,11.2123287671233,110.0625,173.071428571429,28.8506666666667,30.0908808933003,70.0,289.25,249.571428571429,218.509090909091,43.1326086956522,48.75,13.3017857142857,31.91,9.72833333333333,16.5,15.2423913043478,37.6720588235294,203.5,18.2,32.75,11.3472222222222,25.6492957746479,11.95,11.2,11.175,19.3,45.2517543859649,44.3541666666667,9.99125,24.178947368421,17.7470852017937,28.0141025641026,14.0916666666667,8.78615384615385,11.55,20.4790322580645,21.3563291139241,284.3,76.325,4571.66666666667,91.7074074074074,198.444444444444,99.5,111.769230769231,50.7796296296296,25.1470588235294,424.62962962963,233.183333333333,10.0428571428571,121.375,58.8333333333333,8.13986301369863,40.15,31.5,74.3,67.7758620689655,58.8451612903226,139.861111111111,113.35,57.795652173913,37.3,131.5,20.1992263056093,8.11245398773006,105.277777777778,75.1428571428571,101.5,81.7384615384615,612.0,283.0,500.0,226.0,131.77027027027,114.0,273.0,244.0,37.51875,235.0,174.75,86.8,217.0,46.95,77.7222222222222,116.5,42.55
41.2192307692308,40.6991525423729,71.775,51.2857142857143,108.583333333333,77.5,11.80625,44.1644230769231,108.807692307692,32.378125,35.9,424.75,211.0,22.82,115.0,402.5,18.0685714285714,,25.2,44.9625,135.5,26.15,12.35,16.9238095238095,25.1,60.6,294.104166666667,333.0,29.1,40.9995176848875,30.6,19.9166666666667,27.95,416.666666666667,256.5,285.5,44.7166666666667,11.9023809523809,159.820512820513,,28.0621076233184,87.8013574660633,19.74375,,328.0,265.380434782609,24.5443926247289,16.9069444444444,131.138888888889,38.6,19.75,21.5724637681159,69.38,24.5454545454546,235.1875,149.833333333333,25.0879120879121,51.3222222222222,87.1,206.458333333333,59.85,107.35,76.15,242.0,63.7942857142857,11.2123287671233,110.0625,173.071428571429,28.8506666666667,30.0908808933003,70.0,289.25,249.571428571429,218.509090909091,43.1326086956522,48.75,13.3017857142857,31.91,9.72833333333333,16.5,15.2423913043478,37.6720588235294,203.5,18.2,32.75,11.3472222222222,25.6492957746479,11.95,11.2,11.175,19.3,45.2517543859649,44.3541666666667,9.99125,24.178947368421,17.7470852017937,28.0141025641026,14.0916666666667,8.78615384615385,11.55,20.4790322580645,21.3563291139241,284.3,76.325,4571.66666666667,91.7074074074074,198.444444444444,99.5,111.769230769231,50.7796296296296,25.1470588235294,424.62962962963,233.183333333333,10.0428571428571,121.375,58.8333333333333,8.13986301369863,40.15,31.5,74.3,67.7758620689655,58.8451612903226,139.861111111111,113.35,57.795652173913,37.3,131.5,20.1992263056093,8.11245398773006,105.277777777778,75.1428571428571,101.5,81.7384615384615,612.0,283.0,500.0,226.0,131.77027027027,114.0,273.0,244.0,37.51875,235.0,174.75,86.8,217.0,46.95,77.7222222222222,116.5,42.55
41.2192307692308,40.6991525423729,71.775,51.2857142857143,108.583333333333,77.5,11.80625,44.1644230769231,108.807692307692,32.378125,35.9,424.75,211.0,22.82,115.0,402.5,18.0685714285714,,25.2,44.9625,135.5,26.15,12.35,16.9238095238095,25.1,60.6,294.104166666667,333.0,29.1,40.9995176848875,30.6,19.9166666666667,27.95,416.666666666667,256.5,285.5,44.7166666666667,11.9023809523809,159.820512820513,,28.0621076233184,87.8013574660633,19.74375,,328.0,265.380434782609,24.5443926247289,16.9069444444444,131.138888888889,38.6,19.75,21.5724637681159,69.38,24.5454545454546,235.1875,149.833333333333,25.0879120879121,51.3222222222222,87.1,206.458333333333,59.85,107.35,76.15,242.0,63.7942857142857,11.2123287671233,110.0625,173.071428571429,28.8506666666667,30.0908808933003,70.0,289.25,249.571428571429,218.509090909091,43.1326086956522,48.75,13.3017857142857,31.91,9.72833333333333,16.5,15.2423913043478,37.6720588235294,203.5,18.2,32.75,11.3472222222222,25.6492957746479,11.95,11.2,11.175,19.3,45.2517543859649,44.3541666666667,9.99125,24.178947368421,17.7470852017937,28.0141025641026,14.0916666666667,8.78615384615385,11.55,20.4790322580645,21.3563291139241,284.3,76.325,4571.66666666667,91.7074074074074,198.444444444444,99.5,111.769230769231,50.7796296296296,25.1470588235294,424.62962962963,233.183333333333,10.0428571428571,121.375,58.8333333333333,8.13986301369863,40.15,31.5,74.3,67.7758620689655,58.8451612903226,139.861111111111,113.35,57.795652173913,37.3,131.5,20.1992263056093,8.11245398773006,105.277777777778,75.1428571428571,101.5,81.7384615384615,612.0,283.0,500.0,226.0,131.77027027027,114.0,273.0,244.0,37.51875,235.0,174.75,86.8,217.0,46.95,77.7222222222222,116.5,42.55
41.2192307692308,40.6991525423729,71.775,51.2857142857143,108.583333333333,77.5,11.80625,44.1644230769231,108.807692307692,32.378125,35.9,424.75,211.0,22.82,115.0,402.5,18.0685714285714,,25.2,44.9625,135.5,26.15,12.35,16.9238095238095,25.1,60.6,294.104166666667,333.0,29.1,40.9995176848875,30.6,19.9166666666667,27.95,416.666666666667,256.5,285.5,44.7166666666667,11.9023809523809,159.820512820513,,28.0621076233184,87.8013574660633,19.74375,,328.0,265.380434782609,24.5443926247289,16.9069444444444,131.138888888889,38.6,19.75,21.5724637681159,69.38,24.5454545454546,235.1875,149.833333333333,25.0879120879121,51.3222222222222,87.1,206.458333333333,59.85,107.35,76.15,242.0,63.7942857142857,11.2123287671233,110.0625,173.071428571429,28.8506666666667,30.0908808933003,70.0,289.25,249.571428571429,218.509090909091,43.1326086956522,48.75,13.3017857142857,31.91,9.72833333333333,16.5,15.2423913043478,37.6720588235294,203.5,18.2,32.75,11.3472222222222,25.6492957746479,11.95,11.2,11.175,19.3,45.2517543859649,44.3541666666667,9.99125,24.178947368421,17.7470852017937,28.0141025641026,14.0916666666667,8.78615384615385,11.55,20.4790322580645,21.3563291139241,284.3,76.325,4571.66666666667,91.7074074074074,198.444444444444,99.5,111.769230769231,50.7796296296296,25.1470588235294,424.62962962963,233.183333333333,10.0428571428571,121.375,58.8333333333333,8.13986301369863,40.15,31.5,74.3,67.7758620689655,58.8451612903226,139.861111111111,113.35,57.795652173913,37.3,131.5,20.1992263056093,8.11245398773006,105.277777777778,75.1428571428571,101.5,81.7384615384615,612.0,283.0,500.0,226.0,131.77027027027,114.0,273.0,244.0,37.51875,235.0,174.75,86.8,217.0,46.95,77.7222222222222,116.5,42.55
41.0,40.6,71.7,51.3,108.5,77.5,11.8,44.15,109.0,32.45,36.0,423.0,210.5,22.85,115.0,401.0,18.1,,25.1,45.0,135.0,26.15,12.3,16.95,25.1,60.5,294.5,332.0,29.2,41.0,30.5,19.9,27.9,417.5,256.0,285.0,44.7,11.9,160.0,,28.1,87.8,19.7,,327.5,266.0,24.6,16.95,131.0,38.65,19.7,21.55,69.5,24.6,235.0,149.5,25.05,51.1,87.2,207.0,59.8,107.5,76.1,243.0,63.8,11.2,110.0,174.0,28.9,30.1,70.0,289.0,249.5,218.0,43.15,48.75,13.3,31.85,9.72,16.55,15.25,37.55,202.5,18.2,32.75,11.3,25.65,11.9,11.15,11.2,19.35,45.25,44.35,9.99,24.2,17.7,28.0,14.1,8.78,11.55,20.45,21.35,284.5,76.2,4570.0,92.0,198.0,99.5,111.5,50.9,25.15,423.0,232.5,10.05,122.0,58.8,8.14,40.05,31.45,74.2,67.4,58.9,141.0,114.0,58.0,37.15,132.5,20.2,8.11,105.0,75.4,102.0,81.8,613.0,283.0,502.0,225.5,131.5,114.0,273.0,243.5,37.6,237.5,174.5,86.7,216.5,46.95,77.6,116.5,42.5
